reaction	linear_coefficient
RCR10001	0.00015091484592795348
RCR11116	0.00023033403715268464
RCR10004	0.00015091484592795348
RCR10296	0.00015091484592795348
RCR11203	1.0
RCR10130	1.0
RCR10119	0.0005795249916930326
RCR10002	0.0005795249916930326
RCR14213	0.0005795249916930326
RCR10460	0.0005795249916930326
RCR11091	0.0005795249916930326
RCR14211	0.0005795249916930326
RCR11020	0.0005795249916930326
RCR11021	0.0005795249916930326
RCR11090	0.0005795249916930326
RCR10005	0.00024364303650816735
RCR10006	0.0004479425599185978
RCR10009	0.0007248788614334514
RCR10104	0.005851964151376709
RCR10010	0.0025742029254306052
RCR10093	0.0025742029254306052
RCR10094	0.0025742029254306052
RCR10011	1.0
RCR10012	0.0008863127247490351
RCR10013	0.00026726434243387777
RCR10562	0.00026726434243387777
RCR10014	0.0005621236060286949
RCR10017	0.000655584204875929
RCR10112	0.0005358762383626896
RCR10299	0.0005358762383626896
RCR10102	0.0005358762383626896
RCR10088	0.0005358762383626896
RCR10300	0.0005358762383626896
RCR11166	0.0005358762383626896
RCR11204	0.0005358762383626896
RCR11205	0.0005358762383626896
RCR10113	0.0005358762383626896
RCR10109	0.0005358762383626896
RCR10136	0.0005358762383626896
RCR10129	0.0005358762383626896
RCR11207	0.0005358762383626896
RCR10027	0.0005358762383626896
RCR10234	0.0005358762383626896
RCR11220	0.0005358762383626896
RCR11223	0.0005358762383626896
RCR14268	0.0005358762383626896
RCR10137	0.0005358762383626896
RCR11221	0.0005358762383626896
RCR11206	0.0005358762383626896
RCR11222	0.0005358762383626896
RCR11224	0.0005358762383626896
RCR11226	0.0005358762383626896
RCR14274	0.0005358762383626896
RCR11227	0.0005358762383626896
RCR11228	0.0005358762383626896
RCR10018	0.0005358762383626896
RCR10114	0.0005358762383626896
RCR11229	0.0005358762383626896
RCR10132	0.0005358762383626896
RCR11230	0.0005358762383626896
RCR14275	0.0005358762383626896
RCR10131	0.0005358762383626896
RCR11231	0.0005358762383626896
RCR10297	0.0005358762383626896
RCR10238	0.0005358762383626896
RCR10115	0.0005358762383626896
RCR10135	0.0005358762383626896
RCR10117	0.0005358762383626896
RCR10239	0.0005358762383626896
RCR10019	0.0049837203405444985
RCR10020	0.003924907162677529
RCR10021	0.0016995281049663892
RCR14194	0.0016995281049663892
RCR11770	0.00026733063528943724
RCR11715	0.00026733063528943724
RCR11771	0.00026733063528943724
RCR10051	0.00026733063528943724
RCR11772	0.00026733063528943724
RCR11717	0.00026733063528943724
RCR11716	0.00026733063528943724
RCR10041	0.00026733063528943724
RCR10030	0.00026733063528943724
RCR11718	0.00026733063528943724
RCR10046	0.00026733063528943724
RCR10035	0.00026733063528943724
RCR11721	0.00026733063528943724
RCR11724	0.00026733063528943724
RCR11688	0.00026733063528943724
RCR11689	0.00026733063528943724
RCR10036	0.00026733063528943724
RCR10047	0.00026733063528943724
RCR11719	0.00026733063528943724
RCR10025	0.00026733063528943724
RCR10052	0.00026733063528943724
RCR11691	0.00026733063528943724
RCR11720	0.00026733063528943724
RCR11690	0.00026733063528943724
RCR11752	0.00026733063528943724
RCR12221	0.00026733063528943724
RCR11722	0.00026733063528943724
RCR11692	0.00026733063528943724
RCR12223	0.00026733063528943724
RCR11723	0.00026733063528943724
RCR11693	0.00026733063528943724
RCR11725	0.00026733063528943724
RCR10037	0.00026733063528943724
RCR10053	0.00026733063528943724
RCR10042	0.00026733063528943724
RCR11726	0.00026733063528943724
RCR10031	0.00026733063528943724
RCR11727	0.00026733063528943724
RCR11694	0.00026733063528943724
RCR11728	0.00026733063528943724
RCR11695	0.00026733063528943724
RCR11729	0.00026733063528943724
RCR11730	0.00026733063528943724
RCR11696	0.00026733063528943724
RCR11731	0.00026733063528943724
RCR11732	0.00026733063528943724
RCR11697	0.00026733063528943724
RCR11733	0.00026733063528943724
RCR11734	0.00026733063528943724
RCR10043	0.00026733063528943724
RCR10032	0.00026733063528943724
RCR11735	0.00026733063528943724
RCR11698	0.00026733063528943724
RCR10048	0.00026733063528943724
RCR11736	0.00026733063528943724
RCR11699	0.00026733063528943724
RCR11737	0.00026733063528943724
RCR11738	0.00026733063528943724
RCR11700	0.00026733063528943724
RCR11739	0.00026733063528943724
RCR11740	0.00026733063528943724
RCR11701	0.00026733063528943724
RCR11741	0.00026733063528943724
RCR11742	0.00026733063528943724
RCR11702	0.00026733063528943724
RCR11743	0.00026733063528943724
RCR10049	0.00026733063528943724
RCR11744	0.00026733063528943724
RCR10038	0.00026733063528943724
RCR10054	0.00026733063528943724
RCR11745	0.00026733063528943724
RCR11706	0.00026733063528943724
RCR11746	0.00026733063528943724
RCR11703	0.00026733063528943724
RCR12243	0.00026733063528943724
RCR11747	0.00026733063528943724
RCR11748	0.00026733063528943724
RCR11711	0.00026733063528943724
RCR12245	0.00026733063528943724
RCR11749	0.00026733063528943724
RCR10029	0.00026733063528943724
RCR11750	0.00026733063528943724
RCR11751	0.00026733063528943724
RCR11753	0.00026733063528943724
RCR10039	0.00026733063528943724
RCR10055	0.00026733063528943724
RCR10044	0.00026733063528943724
RCR11754	0.00026733063528943724
RCR11704	0.00026733063528943724
RCR10033	0.00026733063528943724
RCR11757	0.00026733063528943724
RCR11705	0.00026733063528943724
RCR10022	0.00026733063528943724
RCR11756	0.00026733063528943724
RCR11755	0.00026733063528943724
RCR11707	0.00026733063528943724
RCR11708	0.00026733063528943724
RCR11760	0.00026733063528943724
RCR10045	0.00026733063528943724
RCR11758	0.00026733063528943724
RCR10034	0.00026733063528943724
RCR11714	0.00026733063528943724
RCR10050	0.00026733063528943724
RCR11759	0.00026733063528943724
RCR11761	0.00026733063528943724
RCR11762	0.00026733063528943724
RCR11768	0.00026733063528943724
RCR11709	0.00026733063528943724
RCR11763	0.00026733063528943724
RCR11712	0.00026733063528943724
RCR11764	0.00026733063528943724
RCR11713	0.00026733063528943724
RCR11765	0.00026733063528943724
RCR11710	0.00026733063528943724
RCR11766	0.00026733063528943724
RCR11767	0.00026733063528943724
RCR10040	0.00026733063528943724
RCR11769	0.00026733063528943724
RCR13626	0.3550493965550966
RCR13624	0.3550493965550966
RCR13648	0.3550493965550966
RCR13649	0.3550493965550966
RCR10220	0.3550493965550966
RCR10394	0.3550493965550966
RCR13680	0.3550493965550966
RCR90180	0.3550493965550966
RCR20514	0.3550493965550966
RCR20230	0.3550493965550966
RCR10057	0.0008158481601334072
RCR10072	0.0008158481601334072
RCR10059	0.0008158481601334072
RCR10074	0.0008158481601334072
RCR10073	0.0008158481601334072
RCR10058	0.0008158481601334072
RCR10071	0.0008158481601334072
RCR12326	0.0008158481601334072
RCR12329	0.0008158481601334072
RCR14640	0.0008158481601334072
RCR12327	0.0008158481601334072
RCR10061	0.0008158481601334072
RCR10076	0.0008158481601334072
RCR10060	0.0008158481601334072
RCR10075	0.0008158481601334072
RCR12328	0.0008158481601334072
RCR12330	0.0008158481601334072
RCR12331	0.0008158481601334072
RCR12332	0.0008158481601334072
RCR12333	0.0008158481601334072
RCR12334	0.0008158481601334072
RCR12335	0.0008158481601334072
RCR12336	0.0008158481601334072
RCR10063	0.0008158481601334072
RCR10026	0.0008158481601334072
RCR10078	0.0008158481601334072
RCR12337	0.0008158481601334072
RCR10062	0.0008158481601334072
RCR10077	0.0008158481601334072
RCR12338	0.0008158481601334072
RCR12339	0.0008158481601334072
RCR12340	0.0008158481601334072
RCR12341	0.0008158481601334072
RCR12342	0.0008158481601334072
RCR12343	0.0008158481601334072
RCR12344	0.0008158481601334072
RCR12345	0.0008158481601334072
RCR12346	0.0008158481601334072
RCR10080	0.0008158481601334072
RCR10064	0.0008158481601334072
RCR12347	0.0008158481601334072
RCR10079	0.0008158481601334072
RCR12348	0.0008158481601334072
RCR12349	0.0008158481601334072
RCR12350	0.0008158481601334072
RCR12351	0.0008158481601334072
RCR12352	0.0008158481601334072
RCR12353	0.0008158481601334072
RCR12232	0.0008158481601334072
RCR12354	0.0008158481601334072
RCR10066	0.0008158481601334072
RCR10082	0.0008158481601334072
RCR12355	0.0008158481601334072
RCR10065	0.0008158481601334072
RCR10081	0.0008158481601334072
RCR12233	0.0008158481601334072
RCR10639	0.0008154053382557013
RCR10068	0.0008158481601334072
RCR10219	0.0008158481601334072
RCR10067	0.0008158481601334072
RCR10356	0.0006738771303180997
RCR10070	0.0008158481601334072
RCR10069	0.0008158481601334072
RCR10023	0.0008158481601334072
RCR12255	0.0008158481601334072
RCR12254	0.0008158481601334072
RCR10056	0.0008158481601334072
RCR13632	1.0
RCR13683	1.0
RCR13613	1.0
RCR14236	9.534275797564127e-05
RCR14203	9.534275797564127e-05
RCR10153	9.534275797564127e-05
RCR10145	9.534275797564127e-05
RCR10086	9.534275797564127e-05
RCR14233	9.534275797564127e-05
RCR10024	9.534275797564127e-05
RCR14234	9.534275797564127e-05
RCR14235	9.534275797564127e-05
RCR10106	9.784904976107212e-06
RCR10352	9.784904976107212e-06
RCR10028	0.001047551853623494
RCR10354	7.88361935389534e-06
RCR10152	7.88361935389534e-06
RCR10441	7.88361935389534e-06
RCR14406	7.88361935389534e-06
RCR10083	7.88361935389534e-06
RCR11087	4.389851474862788e-06
RCR14256	0.0031897633470496767
RCR10302	0.0031897633470496767
RCR10496	0.00032808457767348486
RCR10303	0.0031897633470496767
RCR10084	0.00032808457767348486
RCR10096	5.98233373168349e-06
RCR10099	5.98233373168349e-06
RCR20060	5.98233373168349e-06
RCR10100	5.98233373168349e-06
RCR20198	5.98233373168349e-06
RCR10235	5.98233373168349e-06
RCR10501	5.98233373168349e-06
RCR10154	5.98233373168349e-06
RCR10101	5.98233373168349e-06
RCR10087	5.98233373168349e-06
RCR10127	5.98233373168349e-06
RCR11149	5.98233373168349e-06
RCR20034	5.98233373168349e-06
RCR14250	5.98233373168349e-06
RCR11148	5.98233373168349e-06
RCR10488	5.98233373168349e-06
RCR10489	5.98233373168349e-06
RCR14273	5.98233373168349e-06
RCR10502	5.98233373168349e-06
RCR11211	5.98233373168349e-06
RCR14272	5.98233373168349e-06
RCR10089	0.00996326381277984
RCR10305	0.0024820649005385786
RCR10090	0.0024820649005385786
RCR10380	0.00032264266568970013
RCR10254	0.00032264266568970013
RCR10095	0.10496699394958758
RCR10091	0.10496699394958758
RCR14641	0.0019625632708282245
RCR13689	0.0019625632708282245
RCR10229	0.0004546857405736847
RCR30268	0.0004546857405736847
RCR10097	0.015346936683372281
RCR11810	0.0005768028992640487
RCR10357	0.0005768028992640487
RCR11811	0.0005768028992640487
RCR11773	0.0005768028992640487
RCR11774	0.0005768028992640487
RCR11812	0.0005768028992640487
RCR11777	0.0005768028992640487
RCR11813	0.0005768028992640487
RCR11776	0.0005768028992640487
RCR11814	0.0005768028992640487
RCR11778	0.0005768028992640487
RCR11815	0.0005768028992640487
RCR11779	0.0005768028992640487
RCR11816	0.0005768028992640487
RCR11780	0.0005768028992640487
RCR11817	0.0005768028992640487
RCR11781	0.0005768028992640487
RCR11818	0.0005768028992640487
RCR11782	0.0005768028992640487
RCR11819	0.0005768028992640487
RCR40437	0.0005768028992640487
RCR11783	0.0005768028992640487
RCR11820	0.0005768028992640487
RCR11784	0.0005768028992640487
RCR11821	0.0005768028992640487
RCR11785	0.0005768028992640487
RCR11822	0.0005768028992640487
RCR11786	0.0005768028992640487
RCR11823	0.0005768028992640487
RCR11787	0.0005768028992640487
RCR11908	0.0005768028992640487
RCR11824	0.0005768028992640487
RCR11909	0.0005768028992640487
RCR11788	0.0005768028992640487
RCR11911	0.0005768028992640487
RCR11825	0.0005768028992640487
RCR11912	0.0005768028992640487
RCR11789	0.0005768028992640487
RCR11913	0.0005768028992640487
RCR11826	0.0005768028992640487
RCR11914	0.0005768028992640487
RCR11790	0.0005768028992640487
RCR11827	0.0005768028992640487
RCR11791	0.0005768028992640487
RCR11828	0.0005768028992640487
RCR11792	0.0005768028992640487
RCR11829	0.0005768028992640487
RCR11793	0.0005768028992640487
RCR11794	0.0005768028992640487
RCR11795	0.0005768028992640487
RCR11796	0.0005768028992640487
RCR11797	0.0005768028992640487
RCR11798	0.0005768028992640487
RCR11799	0.0005768028992640487
RCR11800	0.0005768028992640487
RCR10098	0.0005768028992640487
RCR11803	0.0005768028992640487
RCR11775	0.0005768028992640487
RCR11802	0.0005768028992640487
RCR11806	0.0005768028992640487
RCR11804	0.0005768028992640487
RCR11805	0.0005768028992640487
RCR11808	0.0005768028992640487
RCR11809	0.0005768028992640487
RCR11807	0.0005768028992640487
RCR10105	0.0001347220524605692
RCR10103	0.0001347220524605692
RCR11665	0.0001347220524605692
RCR14258	0.0007039970584733256
RCR10110	0.0007039970584733256
RCR10478	0.00019458165368625594
RCR10111	0.00019458165368625594
RCR11171	0.00019458165368625594
RCR10118	0.000146540284650286
RCR14395	4.599405454247667e-05
RCR10160	4.599405454247667e-05
RCR11498	4.599405454247667e-05
RCR14291	4.599405454247667e-05
RCR11646	0.000146540284650286
RCR10144	0.004756198937023747
RCR10120	0.0008979138007356429
RCR11683	0.0007912132957051837
RCR10121	0.0007912132957051837
RCR10606	0.0007912132957051837
RCR10436	0.0007912132957051837
RCR10123	0.0008824750055713544
RCR10939	0.0008824750055713544
RCR10955	0.0013352405481591157
RCR14683	0.0013352405481591157
RCR10140	0.0013352405481591157
RCR10408	0.0013352405481591157
RCR13799	0.0013352405481591157
RCR14685	0.0015669227657102076
RCR10141	0.0015669227657102076
RCR10146	0.00017861427823794666
RCR11104	0.00017861427823794666
RCR10471	0.002298462220606802
RCR10147	0.0004290108657911371
RCR11054	0.0007160385054830395
RCR10148	0.0007160385054830395
RCR11079	0.0002512481789970149
RCR10530	0.0022995726415564544
RCR11022	0.0022995726415564544
RCR11110	0.0022995726415564544
RCR11324	0.0022995726415564544
RCR11424	0.0022995726415564544
RCR10149	0.0022995726415564544
RCR10531	0.0022995726415564544
RCR10540	0.0022995726415564544
RCR11428	0.0022995726415564544
RCR11440	0.0022995726415564544
RCR20168	0.0022995726415564544
RCR11427	0.0022995726415564544
RCR10542	0.0022995726415564544
RCR11361	0.0022995726415564544
RCR11360	0.0022995726415564544
RCR11677	0.0002512481789970149
RCR11170	0.0009273994727139291
RCR11193	0.0009273994727139291
RCR10155	0.0009273994727139291
RCR10156	0.0025811382182391114
RCR11437	0.0008083248663050912
RCR10321	0.0008083248663050912
RCR14362	0.0008083248663050912
RCR10158	0.0008083248663050912
RCR11245	4.599405454247667e-05
RCR11499	4.599405454247667e-05
RCR11244	4.599405454247667e-05
RCR14306	4.599405454247667e-05
RCR10335	1.0
RCR10162	0.06894369564177626
RCR10164	6.599940462465826e-06
RCR11500	6.599940462465826e-06
RCR11904	0.00018414460126417616
RCR11905	0.00018414460126417616
RCR12026	0.00018414460126417616
RCR11948	0.00018414460126417616
RCR11953	0.00018414460126417616
RCR12021	0.00018414460126417616
RCR10166	0.00018414460126417616
RCR10167	0.013830817590170097
RCR14539	0.042625866055334166
RCR14628	0.042625866055334166
RCR12875	0.042625866055334166
RCR10700	0.042625866055334166
RCR14542	0.042625866055334166
RCR10172	0.042625866055334166
RCR14537	0.042625866055334166
RCR10173	0.0013292771267911418
RCR12924	0.0013292771267911418
RCR10185	0.0009547238592154052
RCR10211	0.0009547238592154052
RCR10182	0.0009547238592154052
RCR10191	0.0009547238592154052
RCR10833	0.0009547238592154052
RCR10206	0.0009547238592154052
RCR10201	0.0009547238592154052
RCR10835	0.0009547238592154052
RCR10197	0.0009547238592154052
RCR10836	0.0009547238592154052
RCR10192	0.0009547238592154052
RCR10189	0.0009547238592154052
RCR10212	0.0009547238592154052
RCR13144	0.0009547238592154052
RCR10837	0.0009547238592154052
RCR10207	0.0009547238592154052
RCR10202	0.0009547238592154052
RCR10179	0.0009547238592154052
RCR10176	0.0009547238592154052
RCR10838	0.0009547238592154052
RCR13143	0.0009547238592154052
RCR13145	0.0009547238592154052
RCR10845	0.0009547238592154052
RCR10839	0.0009547238592154052
RCR10198	0.0009547238592154052
RCR10180	0.0009547238592154052
RCR13146	0.0009547238592154052
RCR10177	0.0009547238592154052
RCR10208	0.0009547238592154052
RCR10186	0.0009547238592154052
RCR10203	0.0009547238592154052
RCR10183	0.0009547238592154052
RCR10195	0.0009547238592154052
RCR10840	0.0009547238592154052
RCR13147	0.0009547238592154052
RCR13148	0.0009547238592154052
RCR10841	0.0009547238592154052
RCR13149	0.0009547238592154052
RCR10187	0.0009547238592154052
RCR10199	0.0009547238592154052
RCR10193	0.0009547238592154052
RCR10190	0.0009547238592154052
RCR10204	0.0009547238592154052
RCR10209	0.0009547238592154052
RCR10834	0.0009547238592154052
RCR10842	0.0009547238592154052
RCR13150	0.0009547238592154052
RCR10843	0.0009547238592154052
RCR13155	0.0009547238592154052
RCR10200	0.0009547238592154052
RCR10844	0.0009547238592154052
RCR10210	0.0009547238592154052
RCR10196	0.0009547238592154052
RCR10205	0.0009547238592154052
RCR10178	0.0009547238592154052
RCR10175	0.0009547238592154052
RCR10181	0.0009547238592154052
RCR10184	0.0009547238592154052
RCR10188	0.0009547238592154052
RCR10194	0.0009547238592154052
RCR10221	0.009349288330256979
RCR10222	0.002368362657054795
RCR10224	0.002368362657054795
RCR10225	0.004190203804696012
RCR13811	0.004190203804696012
RCR14706	0.00693367210695135
RCR10227	0.00693367210695135
RCR14700	0.00693367210695135
RCR14707	0.00693367210695135
RCR10230	1.0021296520623611e-05
RCR10233	0.002638391324770445
RCR10240	0.0007925333256475992
RCR10307	0.0006752348727502598
RCR11261	0.0006752348727502598
RCR10244	0.0006752348727502598
RCR11271	0.0006752348727502598
RCR10308	0.0006752348727502598
RCR11270	0.0006752348727502598
RCR11269	0.0006752348727502598
RCR10310	0.0006752348727502598
RCR10245	1.0
RCR11308	1.0
RCR11309	1.0
RCR11319	0.00016097082666287785
RCR10246	0.00016097082666287785
RCR11320	0.00016097082666287785
RCR14187	5.118935019578382e-05
RCR14321	0.00016097082666287785
RCR11332	0.00014370797042486142
RCR11664	0.00014370797042486142
RCR10318	0.00014370797042486142
RCR10353	0.00014370797042486142
RCR11671	0.00014370797042486142
RCR11672	0.00014370797042486142
RCR10275	5.118935019578382e-05
RCR10247	0.00033464641958998783
RCR10529	0.0010670575563510106
RCR14371	0.0010670575563510106
RCR14327	0.0010670575563510106
RCR11439	0.0010670575563510106
RCR10541	0.0010670575563510106
RCR14368	0.0010670575563510106
RCR10248	0.0010670575563510106
RCR10249	0.006769472242527745
RCR30263	0.006769472242527745
RCR40314	0.006769472242527745
RCR10250	0.0007279452925291182
RCR30264	0.0007279452925291182
RCR10251	0.00026739044099962473
RCR10466	0.0014479722647563573
RCR10253	0.0014479722647563573
RCR10862	0.0003641239142477469
RCR10255	0.0022821057826878086
RCR10381	0.001697911497202195
RCR20956	0.0062518857066524705
RCR13311	0.0062518857066524705
RCR12324	0.0062518857066524705
RCR13356	0.0062518857066524705
RCR12323	0.0062518857066524705
RCR10256	0.0062518857066524705
RCR11667	1.7905118924771044e-05
RCR10350	1.7905118924771044e-05
RCR10604	1.7905118924771044e-05
RCR11669	1.7905118924771044e-05
RCR11668	1.7905118924771044e-05
RCR10264	1.7905118924771044e-05
RCR11659	1.7905118924771044e-05
RCR10602	1.7905118924771044e-05
RCR10601	1.7905118924771044e-05
RCR11657	1.7905118924771044e-05
RCR14682	0.0009470846135076041
RCR10267	0.0009470846135076041
RCR10947	0.0009470846135076041
RCR10272	0.0014676577905058596
RCR13810	0.0014676577905058596
RCR10269	0.0014676577905058596
RCR10268	0.0014676577905058596
RCR10446	5.118935019578382e-05
RCR11073	8.919200960478873e-06
RCR10291	8.919200960478873e-06
RCR11159	8.919200960478873e-06
RCR10290	8.919200960478873e-06
RCR10294	8.919200960478873e-06
RCR10289	8.919200960478873e-06
RCR10276	8.919200960478873e-06
RCR14188	2.0876298389977452e-05
RCR14185	2.0876298389977452e-05
RCR20966	2.0876298389977452e-05
RCR10277	2.0876298389977452e-05
RCR10280	0.0009480978491813576
RCR10281	0.0013279341264981496
RCR10282	0.0013279341264981496
RCR10283	0.06696692002390632
RCR13617	0.00024526731752154044
RCR14342	0.00024526731752154044
RCR10284	0.00024526731752154044
RCR14698	0.00024526731752154044
RCR10539	0.00024526731752154044
RCR10422	0.00024526731752154044
RCR14502	0.00024526731752154044
RCR13139	1.3412159942624969e-05
RCR14409	0.00024526731752154044
RCR10832	1.3412159942624969e-05
RCR11386	0.000554620836226951
RCR11089	0.000554620836226951
RCR14212	0.000554620836226951
RCR10285	0.000554620836226951
RCR10286	0.0025643633631075575
RCR11103	0.0025643633631075575
RCR10287	0.0006612991125353062
RCR11216	0.0019382177156275166
RCR10288	0.0019382177156275166
RCR10295	0.00047651709821547723
RCR11268	0.0006803488047332273
RCR10309	0.0006803488047332273
RCR10316	0.05667098583809962
RCR14286	0.003061560329473275
RCR11294	0.003061560329473275
RCR14333	0.00014370797042486142
RCR14482	0.00014370797042486142
RCR10330	0.023056289820577114
RCR10334	0.007573180871700056
RCR11251	0.000795601709036748
RCR11504	0.000795601709036748
RCR10336	0.000795601709036748
RCR10361	1.5303446320262137e-05
RCR10337	1.5303446320262137e-05
RCR11505	1.5303446320262137e-05
RCR13140	8.02835004987335e-05
RCR10556	8.02835004987335e-05
RCR10341	8.02835004987335e-05
RCR11679	8.02835004987335e-05
RCR11080	8.02835004987335e-05
RCR11081	8.02835004987335e-05
RCR14503	8.02835004987335e-05
RCR13141	8.02835004987335e-05
RCR13622	8.02835004987335e-05
RCR10338	0.0004052523143961744
RCR10533	8.02835004987335e-05
RCR11023	8.02835004987335e-05
RCR11506	8.02835004987335e-05
RCR14341	0.006544267643356392
RCR10340	0.006544267643356392
RCR11311	0.0002512481789970149
RCR10522	0.0002512481789970149
RCR10527	0.0002512481789970149
RCR14422	0.0004795589838095146
RCR14420	0.0004795589838095146
RCR10345	0.0004795589838095146
RCR10346	0.0006059778830562779
RCR10349	6.406225414014477e-05
RCR20234	3.754118628890827e-05
RCR20696	3.754118628890827e-05
RCR20300	3.754118628890827e-05
RCR20301	3.754118628890827e-05
RCR20697	3.754118628890827e-05
RCR20695	3.754118628890827e-05
RCR11085	0.0016510957089348728
RCR21044	0.0016510957089348728
RCR21043	0.0016510957089348728
RCR10364	0.026030191602730273
RCR12169	0.026030191602730273
RCR12132	0.026030191602730273
RCR10367	0.026030191602730273
RCR12176	0.02041565323484173
RCR10360	0.026030191602730273
RCR10714	5.4674497819269374e-05
RCR12987	5.4674497819269374e-05
RCR12106	0.02041565323484173
RCR10366	0.02041565323484173
RCR10362	0.02041565323484173
RCR12145	0.02041565323484173
RCR12130	0.02041565323484173
RCR10365	0.02041565323484173
RCR12147	0.02041565323484173
RCR12102	0.02041565323484173
RCR10376	0.0014376801572829343
RCR10878	0.0014376801572829343
RCR10867	0.029198001729639805
RCR10379	0.029198001729639805
RCR13204	0.029198001729639805
RCR13117	0.029198001729639805
RCR10382	1.0
RCR13090	1.0
RCR10880	0.0030367957296159923
RCR13116	0.0005118161513355194
RCR13115	0.0005118161513355194
RCR13213	0.0005118161513355194
RCR13469	0.0014520111374889137
RCR13506	0.0005118161513355194
RCR13199	0.0005118161513355194
RCR13093	0.0005118161513355194
RCR13208	0.0005118161513355194
RCR10383	0.0005118161513355194
RCR13516	0.0005118161513355194
RCR10388	1.0
RCR10886	1.0
RCR13645	0.0018135741241943123
RCR13623	0.0018135741241943123
RCR10913	0.0018135741241943123
RCR13643	0.0018135741241943123
RCR10921	0.0018135741241943123
RCR10910	0.0018135741241943123
RCR13647	0.0018135741241943123
RCR13184	0.0018135741241943123
RCR13186	0.0018135741241943123
RCR13674	0.0018135741241943123
RCR13668	0.0018135741241943123
RCR13616	0.0018135741241943123
RCR13604	0.0018135741241943123
RCR10392	0.0018135741241943123
RCR13652	0.0018135741241943123
RCR13644	0.0018135741241943123
RCR13672	0.0018135741241943123
RCR13621	0.0018135741241943123
RCR13620	0.0018135741241943123
RCR10911	0.0018135741241943123
RCR13618	0.0018135741241943123
RCR13646	0.0018135741241943123
RCR13619	0.0018135741241943123
RCR13673	0.0018135741241943123
RCR10912	0.0018135741241943123
RCR10393	0.0018135741241943123
RCR13642	0.0018135741241943123
RCR13185	0.0018135741241943123
RCR10403	0.0013482899830132597
RCR13770	0.0013482899830132597
RCR13765	0.0013482899830132597
RCR10404	0.001999810557486703
RCR14680	0.001999810557486703
RCR10952	0.0022608907078175504
RCR10405	0.0022608907078175504
RCR10409	0.00040883613620621795
RCR10951	0.00037745869878629294
RCR10938	5.609527027301273e-05
RCR10946	5.609527027301273e-05
RCR10411	0.007245796825807126
RCR10941	0.0031015646830889047
RCR10412	0.0013661377238583616
RCR10936	0.0013661377238583616
RCR10416	0.0025636051811595752
RCR10935	0.0025636051811595752
RCR14684	0.0025636051811595752
RCR10958	0.0025636051811595752
RCR10418	0.0008446095716396506
RCR10963	0.0008446095716396506
RCR10964	0.0008446095716396506
RCR12893	0.0004942360230808421
RCR14541	0.0004942360230808421
RCR12894	0.0004942360230808421
RCR13924	0.0006353836356813916
RCR12950	0.0004942360230808421
RCR20505	0.0004942360230808421
RCR14540	0.0004942360230808421
RCR10443	6.100529503941681e-06
RCR10444	5.834174976408573e-05
RCR11025	5.834174976408573e-05
RCR11026	0.000647145936731438
RCR10445	0.0007569968714878028
RCR10454	0.00023865928416078475
RCR10453	0.00023865928416078475
RCR10455	0.0010652325655243176
RCR10456	0.0010652325655243176
RCR10457	0.003879818341985696
RCR11578	0.001606864827634075
RCR10458	0.001606864827634075
RCR10462	0.0011176379787332694
RCR10557	0.0011176379787332694
RCR12923	0.00022528238764830112
RCR12942	0.00022528238764830112
RCR10463	0.00022528238764830112
RCR11519	0.0008294616030071474
RCR10464	0.0008294616030071474
RCR10711	0.00029391150885086016
RCR10465	0.00029391150885086016
RCR10467	0.0015949337216580469
RCR10468	0.00011605866298563116
RCR11046	0.00011605866298563116
RCR14181	0.00011605866298563116
RCR14180	0.00011605866298563116
RCR11109	0.00011605866298563116
RCR14197	0.00011605866298563116
RCR10470	0.00122349868818368
RCR14222	0.00122349868818368
RCR10469	0.00122349868818368
RCR30510	0.0054787802737675684
RCR30505	0.0015337750152000615
RCR10472	0.0015337750152000615
RCR10491	0.0015337750152000615
RCR30509	0.0054787802737675684
RCR30508	0.0054787802737675684
RCR30507	0.0054787802737675684
RCR11235	0.0015337750152000615
RCR10473	0.0004549468547258432
RCR10474	0.0004549468547258432
RCR10500	0.0004549468547258432
RCR14254	0.0004549468547258432
RCR11202	0.0004549468547258432
RCR11156	0.0004549468547258432
RCR30500	0.0004549468547258432
RCR14255	0.0004549468547258432
RCR11155	0.0004549468547258432
RCR10492	0.0009099012276032574
RCR14241	0.0004549468547258432
RCR14239	0.0004549468547258432
RCR11114	0.0004549468547258432
RCR13750	0.0004549468547258432
RCR13744	0.0004549468547258432
RCR11198	0.0004549468547258432
RCR14229	0.0004549468547258432
RCR11199	0.0004549468547258432
RCR14246	0.0004549468547258432
RCR30506	0.0004549468547258432
RCR11152	0.0004549468547258432
RCR11201	0.0004549468547258432
RCR30514	0.0012633460933796708
RCR13754	0.00043307404833750585
RCR13930	0.00043307404833750585
RCR11134	6.779818165227179e-05
RCR10475	6.779818165227179e-05
RCR10476	0.00018340705947070846
RCR10479	0.00018340705947070846
RCR10477	0.007198229506122741
RCR10482	0.00039460342176442014
RCR10481	0.00039460342176442014
RCR10483	0.00039460342176442014
RCR10480	0.00039460342176442014
RCR10484	0.00039460342176442014
RCR10485	0.00039460342176442014
RCR11154	0.0018514371317742463
RCR10490	0.0018514371317742463
RCR11169	0.0018514371317742463
RCR11187	0.0011950603722470463
RCR10493	0.0011950603722470463
RCR10499	0.0011950603722470463
RCR10495	0.008167177074727371
RCR10498	0.0008064235806828786
RCR10497	0.0008064235806828786
RCR11127	0.0006491063202397775
RCR10933	0.0006491063202397775
RCR11122	0.0006491063202397775
RCR10503	0.0006491063202397775
RCR11165	0.0006491063202397775
RCR14242	0.0006491063202397775
RCR10506	0.00025152975531430417
RCR10508	0.05667098583809962
RCR10509	0.010627458377695295
RCR10510	0.0010387114976730823
RCR11264	0.0010387114976730823
RCR10513	0.006890967410797417
RCR11310	1.3116165681428402e-05
RCR10519	1.3116165681428402e-05
RCR10520	1.0
RCR10521	0.06299951186101009
RCR10534	1.0
RCR10535	0.10496699394958758
RCR10545	0.00032368265785517907
RCR10550	0.0014486117673247836
RCR10551	0.0024004354132813287
RCR10552	0.0006327245742384247
RCR12617	7.182062671052397e-05
RCR12701	7.182062671052397e-05
RCR12654	7.182062671052397e-05
RCR12506	0.0006231997281394663
RCR12738	7.182062671052397e-05
RCR12568	7.182062671052397e-05
RCR12537	0.0006231997281394663
RCR12739	0.0006231997281394663
RCR12775	7.182062671052397e-05
RCR13630	0.0006231997281394663
RCR12538	7.182062671052397e-05
RCR12569	0.0006231997281394663
RCR12681	7.182062671052397e-05
RCR12505	7.182062671052397e-05
RCR12705	7.182062671052397e-05
RCR12622	7.182062671052397e-05
RCR12057	7.182062671052397e-05
RCR12539	0.0006231997281394663
RCR12830	0.0006231997281394663
RCR12540	7.182062671052397e-05
RCR12742	7.182062671052397e-05
RCR12572	7.182062671052397e-05
RCR13629	0.0006231997281394663
RCR14520	7.182062671052397e-05
RCR12746	7.182062671052397e-05
RCR12509	7.182062671052397e-05
RCR12626	7.182062671052397e-05
RCR12573	0.0006231997281394663
RCR12541	0.0006231997281394663
RCR12709	7.182062671052397e-05
RCR12510	0.0006231997281394663
RCR14522	7.182062671052397e-05
RCR12630	7.182062671052397e-05
RCR12061	7.182062671052397e-05
RCR12711	7.182062671052397e-05
RCR12750	7.182062671052397e-05
RCR12578	0.0006231997281394663
RCR12544	7.182062671052397e-05
RCR12575	7.182062671052397e-05
RCR12513	7.182062671052397e-05
RCR12545	0.0006231997281394663
RCR12784	7.182062671052397e-05
RCR12514	0.0006231997281394663
RCR12634	7.182062671052397e-05
RCR12577	7.182062671052397e-05
RCR12754	7.182062671052397e-05
RCR12227	7.182062671052397e-05
RCR12717	7.182062671052397e-05
RCR12226	7.182062671052397e-05
RCR12517	7.182062671052397e-05
RCR12581	7.182062671052397e-05
RCR12789	7.182062671052397e-05
RCR12549	0.0006231997281394663
RCR12229	0.0006231997281394663
RCR12518	0.0006231997281394663
RCR12548	7.182062671052397e-05
RCR12069	7.182062671052397e-05
RCR12638	7.182062671052397e-05
RCR12685	7.182062671052397e-05
RCR12721	7.182062671052397e-05
RCR12582	0.0006231997281394663
RCR12758	7.182062671052397e-05
RCR12070	7.182062671052397e-05
RCR12071	0.0006231997281394663
RCR12552	7.182062671052397e-05
RCR12521	7.182062671052397e-05
RCR12725	7.182062671052397e-05
RCR12689	7.182062671052397e-05
RCR12038	7.182062671052397e-05
RCR12608	0.0006231997281394663
RCR12553	0.0006231997281394663
RCR12584	7.182062671052397e-05
RCR12642	7.182062671052397e-05
RCR12522	0.0006231997281394663
RCR12039	0.0006231997281394663
RCR12795	7.182062671052397e-05
RCR12074	7.182062671052397e-05
RCR12556	7.182062671052397e-05
RCR12729	7.182062671052397e-05
RCR11351	7.182062671052397e-05
RCR12607	7.182062671052397e-05
RCR12693	7.182062671052397e-05
RCR10918	0.0006231997281394663
RCR12075	0.0006231997281394663
RCR12525	7.182062671052397e-05
RCR12763	7.182062671052397e-05
RCR11965	0.0006231997281394663
RCR13608	0.0006231997281394663
RCR12557	0.0006231997281394663
RCR12248	7.182062671052397e-05
RCR12612	0.0006231997281394663
RCR12249	7.182062671052397e-05
RCR12526	0.0006231997281394663
RCR12611	7.182062671052397e-05
RCR12646	7.182062671052397e-05
RCR12697	7.182062671052397e-05
RCR12529	7.182062671052397e-05
RCR11964	7.182062671052397e-05
RCR12560	7.182062671052397e-05
RCR11518	7.182062671052397e-05
RCR10555	7.182062671052397e-05
RCR12616	7.182062671052397e-05
RCR12079	7.182062671052397e-05
RCR12251	0.0006231997281394663
RCR12530	0.0006231997281394663
RCR12561	0.0006231997281394663
RCR12800	7.182062671052397e-05
RCR12767	7.182062671052397e-05
RCR12614	0.0006231997281394663
RCR12650	7.182062671052397e-05
RCR11522	7.182062671052397e-05
RCR12536	7.182062671052397e-05
RCR12735	0.0006231997281394663
RCR12532	7.182062671052397e-05
RCR12565	0.0006231997281394663
RCR12533	0.0006231997281394663
RCR12564	7.182062671052397e-05
RCR12734	7.182062671052397e-05
RCR12771	7.182062671052397e-05
RCR12618	0.0006231997281394663
RCR12655	7.182062671052397e-05
RCR12773	4.138743265407905e-05
RCR12656	4.138743265407905e-05
RCR12776	7.182062671052397e-05
RCR12657	4.138743265407905e-05
RCR12777	4.138743265407905e-05
RCR12623	7.182062671052397e-05
RCR12659	4.138743265407905e-05
RCR12658	4.138743265407905e-05
RCR12660	4.138743265407905e-05
RCR12661	4.138743265407905e-05
RCR12831	7.182062671052397e-05
RCR12624	4.138743265407905e-05
RCR12662	4.138743265407905e-05
RCR12663	4.138743265407905e-05
RCR12664	4.138743265407905e-05
RCR12665	4.138743265407905e-05
RCR12666	4.138743265407905e-05
RCR12781	4.138743265407905e-05
RCR12667	4.138743265407905e-05
RCR12627	7.182062671052397e-05
RCR12668	4.138743265407905e-05
RCR12669	4.138743265407905e-05
RCR12785	7.182062671052397e-05
RCR12628	4.138743265407905e-05
RCR12670	4.138743265407905e-05
RCR14523	4.138743265407905e-05
RCR12671	4.138743265407905e-05
RCR12672	4.138743265407905e-05
RCR12673	4.138743265407905e-05
RCR12674	4.138743265407905e-05
RCR12786	4.138743265407905e-05
RCR12675	4.138743265407905e-05
RCR12631	7.182062671052397e-05
RCR12676	4.138743265407905e-05
RCR12677	4.138743265407905e-05
RCR12632	4.138743265407905e-05
RCR12678	4.138743265407905e-05
RCR12679	4.138743265407905e-05
RCR12682	7.182062671052397e-05
RCR12790	7.182062671052397e-05
RCR12635	7.182062671052397e-05
RCR12683	4.138743265407905e-05
RCR12791	4.138743265407905e-05
RCR12636	4.138743265407905e-05
RCR12792	4.138743265407905e-05
RCR12686	7.182062671052397e-05
RCR12639	7.182062671052397e-05
RCR12687	4.138743265407905e-05
RCR12640	4.138743265407905e-05
RCR12796	7.182062671052397e-05
RCR12797	4.138743265407905e-05
RCR12690	7.182062671052397e-05
RCR12643	7.182062671052397e-05
RCR12691	4.138743265407905e-05
RCR12801	7.182062671052397e-05
RCR12644	4.138743265407905e-05
RCR12647	7.182062671052397e-05
RCR12694	7.182062671052397e-05
RCR12648	4.138743265407905e-05
RCR12695	4.138743265407905e-05
RCR12802	4.138743265407905e-05
RCR12651	7.182062671052397e-05
RCR12698	7.182062671052397e-05
RCR12699	4.138743265407905e-05
RCR12652	4.138743265407905e-05
RCR12702	7.182062671052397e-05
RCR12703	4.138743265407905e-05
RCR12706	7.182062671052397e-05
RCR12707	4.138743265407905e-05
RCR12058	7.182062671052397e-05
RCR12743	7.182062671052397e-05
RCR12744	4.138743265407905e-05
RCR12059	4.138743265407905e-05
RCR12710	7.182062671052397e-05
RCR12062	7.182062671052397e-05
RCR12713	4.138743265407905e-05
RCR12747	7.182062671052397e-05
RCR12712	7.182062671052397e-05
RCR12748	4.138743265407905e-05
RCR12063	4.138743265407905e-05
RCR11372	4.138743265407905e-05
RCR12751	7.182062671052397e-05
RCR12228	7.182062671052397e-05
RCR12752	4.138743265407905e-05
RCR12718	7.182062671052397e-05
RCR12719	4.138743265407905e-05
RCR12230	4.138743265407905e-05
RCR12755	7.182062671052397e-05
RCR12756	4.138743265407905e-05
RCR12722	7.182062671052397e-05
RCR12723	4.138743265407905e-05
RCR12759	7.182062671052397e-05
RCR12760	4.138743265407905e-05
RCR12726	7.182062671052397e-05
RCR12727	4.138743265407905e-05
RCR12250	7.182062671052397e-05
RCR12764	7.182062671052397e-05
RCR12730	7.182062671052397e-05
RCR12765	4.138743265407905e-05
RCR12731	4.138743265407905e-05
RCR12768	7.182062671052397e-05
RCR11352	7.182062671052397e-05
RCR12252	4.138743265407905e-05
RCR12769	4.138743265407905e-05
RCR12772	7.182062671052397e-05
RCR90005	0.10496699394958758
RCR14431	0.10496699394958758
RCR10559	0.10496699394958758
RCR90004	0.10496699394958758
RCR11533	0.10496699394958758
RCR10561	0.0002550507502414376
RCR10563	0.0006364911477490428
RCR10565	0.0002805542206716773
RCR10566	1.0
RCR10567	0.0004765925715057727
RCR10573	0.0012095586751234794
RCR10578	0.0012095586751234794
RCR10575	0.0012095586751234794
RCR11593	0.0012095586751234794
RCR10579	0.0012095586751234794
RCR11597	0.0012095586751234794
RCR10576	0.0012095586751234794
RCR11594	0.0012095586751234794
RCR11586	0.0012095586751234794
RCR11595	0.0012095586751234794
RCR11596	0.0012095586751234794
RCR10574	0.0012095586751234794
RCR11590	0.0012095586751234794
RCR11583	0.0012095586751234794
RCR11592	0.0012095586751234794
RCR11591	0.0012095586751234794
RCR10577	0.0012095586751234794
RCR11612	0.0009434546692468645
RCR10580	0.0009434546692468645
RCR13527	0.0009434546692468645
RCR30267	0.0003948070164443318
RCR13526	0.0003948070164443318
RCR10581	0.0003948070164443318
RCR10582	0.002836996625205151
RCR10597	0.0005664981673063628
RCR10598	0.0005664981673063628
RCR10603	0.00038408127596967705
RCR10608	0.00011196123895435376
RCR10613	0.02918198466581014
RCR10612	0.02918198466581014
RCR10615	0.02918198466581014
RCR10610	0.02918198466581014
RCR10614	0.02918198466581014
RCR10611	0.02918198466581014
RCR10616	0.02918198466581014
RCR10617	0.0009115112813921659
RCR13845	0.0009115112813921659
RCR11801	0.0009115112813921659
RCR13844	0.0009115112813921659
RCR12535	0.0009431638464909228
RCR12737	0.0009431638464909228
RCR10696	0.0009431638464909228
RCR12551	0.0009431638464909228
RCR12567	0.0009431638464909228
RCR12520	0.0009431638464909228
RCR12793	0.0009431638464909228
RCR12504	0.0009431638464909228
RCR14518	0.0009431638464909228
RCR12620	0.0009431638464909228
RCR13607	0.0009431638464909228
RCR12606	0.0009431638464909228
RCR14516	0.0009431638464909228
RCR12037	0.0009431638464909228
RCR12073	0.0009431638464909228
RCR12246	0.0009431638464909228
RCR12524	0.0009431638464909228
RCR12555	0.0009431638464909228
RCR12571	0.0009431638464909228
RCR12247	0.0009431638464909228
RCR12508	0.0009431638464909228
RCR12225	0.0009431638464909228
RCR10917	0.0009431638464909228
RCR14519	0.0009431638464909228
RCR11963	0.0009431638464909228
RCR12610	0.0009431638464909228
RCR12799	0.0009431638464909228
RCR12077	0.0009431638464909228
RCR12782	0.0009431638464909228
RCR12528	0.0009431638464909228
RCR12559	0.0009431638464909228
RCR12224	0.0009431638464909228
RCR12543	0.0009431638464909228
RCR12512	0.0009431638464909228
RCR12576	0.0009431638464909228
RCR12547	0.0009431638464909228
RCR12733	0.0009431638464909228
RCR12787	0.0009431638464909228
RCR10621	0.0009431638464909228
RCR12516	0.0009431638464909228
RCR12563	0.0009431638464909228
RCR12580	0.0009431638464909228
RCR12945	0.0002570296185715846
RCR12948	0.0002570296185715846
RCR12864	0.0002570296185715846
RCR12947	0.0002570296185715846
RCR10631	0.0002570296185715846
RCR10634	0.0002570296185715846
RCR10712	0.0002570296185715846
RCR12949	0.0002570296185715846
RCR10632	0.0002570296185715846
RCR12946	0.0002570296185715846
RCR10633	0.0002570296185715846
RCR12863	0.0002570296185715846
RCR13935	0.0002570296185715846
RCR11358	0.0002570296185715846
RCR12209	0.0023494448608193533
RCR10653	0.00036485071153033905
RCR12376	0.00036485071153033905
RCR10654	0.00036485071153033905
RCR12377	0.00036485071153033905
RCR14508	0.00036485071153033905
RCR10655	0.00036485071153033905
RCR12378	0.00036485071153033905
RCR12379	0.00036485071153033905
RCR12380	0.00036485071153033905
RCR12381	0.00036485071153033905
RCR12361	0.00036485071153033905
RCR12382	0.00036485071153033905
RCR12383	0.00036485071153033905
RCR12384	0.00036485071153033905
RCR12385	0.00036485071153033905
RCR12386	0.00036485071153033905
RCR12387	0.00036485071153033905
RCR12388	0.00036485071153033905
RCR12389	0.00036485071153033905
RCR12390	0.00036485071153033905
RCR12391	0.00036485071153033905
RCR12478	0.00036485071153033905
RCR12477	0.00036485071153033905
RCR12392	0.00036485071153033905
RCR12393	0.00036485071153033905
RCR12394	0.00036485071153033905
RCR12395	0.00036485071153033905
RCR12479	0.00036485071153033905
RCR12481	0.00036485071153033905
RCR12396	0.00036485071153033905
RCR12359	0.00036485071153033905
RCR12397	0.00036485071153033905
RCR12360	0.00036485071153033905
RCR12483	0.00036485071153033905
RCR12398	0.00036485071153033905
RCR12363	0.00036485071153033905
RCR12362	0.00036485071153033905
RCR12485	0.00036485071153033905
RCR12364	0.00036485071153033905
RCR12365	0.00036485071153033905
RCR12487	0.00036485071153033905
RCR10641	0.00036485071153033905
RCR12366	0.00036485071153033905
RCR10642	0.00036485071153033905
RCR10645	0.00036485071153033905
RCR12367	0.00036485071153033905
RCR12489	0.00036485071153033905
RCR10644	0.00036485071153033905
RCR12368	0.00036485071153033905
RCR10646	0.00036485071153033905
RCR12369	0.00036485071153033905
RCR10647	0.00036485071153033905
RCR12491	0.00036485071153033905
RCR12370	0.00036485071153033905
RCR10648	0.00036485071153033905
RCR12371	0.00036485071153033905
RCR10649	0.00036485071153033905
RCR12372	0.00036485071153033905
RCR10651	0.00036485071153033905
RCR10643	0.00036485071153033905
RCR10650	0.00036485071153033905
RCR12374	0.00036485071153033905
RCR10652	0.00036485071153033905
RCR12375	0.00036485071153033905
RCR12373	0.00036485071153033905
RCR12420	0.0001847031822195988
RCR12444	0.0001847031822195988
RCR12432	0.0001847031822195988
RCR12448	0.0001847031822195988
RCR12421	0.0001847031822195988
RCR12445	0.0001847031822195988
RCR12409	0.0001847031822195988
RCR12433	0.0001847031822195988
RCR12422	0.0001847031822195988
RCR12447	0.0001847031822195988
RCR12410	0.0001847031822195988
RCR10656	0.0001847031822195988
RCR12434	0.0001847031822195988
RCR12423	0.0001847031822195988
RCR12449	0.0001847031822195988
RCR12411	0.0001847031822195988
RCR12435	0.0001847031822195988
RCR12424	0.0001847031822195988
RCR12412	0.0001847031822195988
RCR12436	0.0001847031822195988
RCR12402	0.0001847031822195988
RCR12401	0.0001847031822195988
RCR12425	0.0001847031822195988
RCR12413	0.0001847031822195988
RCR12437	0.0001847031822195988
RCR12450	0.0001847031822195988
RCR12404	0.0001847031822195988
RCR12426	0.0001847031822195988
RCR12451	0.0001847031822195988
RCR12414	0.0001847031822195988
RCR12438	0.0001847031822195988
RCR12403	0.0001847031822195988
RCR12427	0.0001847031822195988
RCR12415	0.0001847031822195988
RCR12439	0.0001847031822195988
RCR12443	0.0001847031822195988
RCR12446	0.0001847031822195988
RCR12452	0.0001847031822195988
RCR12405	0.0001847031822195988
RCR12428	0.0001847031822195988
RCR12416	0.0001847031822195988
RCR12440	0.0001847031822195988
RCR12408	0.0001847031822195988
RCR12429	0.0001847031822195988
RCR12417	0.0001847031822195988
RCR12441	0.0001847031822195988
RCR12406	0.0001847031822195988
RCR12430	0.0001847031822195988
RCR12418	0.0001847031822195988
RCR12442	0.0001847031822195988
RCR12407	0.0001847031822195988
RCR12431	0.0001847031822195988
RCR12419	0.0001847031822195988
RCR12462	0.0001847031822195988
RCR12465	0.0001847031822195988
RCR10677	0.0001847031822195988
RCR12464	0.0001847031822195988
RCR12466	0.0001847031822195988
RCR14511	0.0001847031822195988
RCR10678	0.0001847031822195988
RCR10657	0.0001847031822195988
RCR12467	0.0001847031822195988
RCR10679	0.0001847031822195988
RCR12468	0.0001847031822195988
RCR12469	0.0001847031822195988
RCR10680	0.0001847031822195988
RCR12470	0.0001847031822195988
RCR10681	0.0001847031822195988
RCR10658	0.0001847031822195988
RCR12471	0.0001847031822195988
RCR12474	0.0001847031822195988
RCR10682	0.0001847031822195988
RCR10676	0.0001847031822195988
RCR10659	0.0001847031822195988
RCR12472	0.0001847031822195988
RCR10683	0.0001847031822195988
RCR12476	0.0001847031822195988
RCR12463	0.0001847031822195988
RCR10660	0.0001847031822195988
RCR10684	0.0001847031822195988
RCR12473	0.0001847031822195988
RCR10661	0.0001847031822195988
RCR10685	0.0001847031822195988
RCR12475	0.0001847031822195988
RCR10662	0.0001847031822195988
RCR10686	0.0001847031822195988
RCR10663	0.0001847031822195988
RCR10687	0.0001847031822195988
RCR12480	0.0001847031822195988
RCR10664	0.0001847031822195988
RCR10688	0.0001847031822195988
RCR10665	0.0001847031822195988
RCR12482	0.0001847031822195988
RCR10666	0.0001847031822195988
RCR12459	0.0001847031822195988
RCR10667	0.0001847031822195988
RCR12484	0.0001847031822195988
RCR10668	0.0001847031822195988
RCR12486	0.0001847031822195988
RCR10669	0.0001847031822195988
RCR12488	0.0001847031822195988
RCR10670	0.0001847031822195988
RCR10671	0.0001847031822195988
RCR12490	0.0001847031822195988
RCR12455	0.0001847031822195988
RCR10672	0.0001847031822195988
RCR12492	0.0001847031822195988
RCR12456	0.0001847031822195988
RCR10673	0.0001847031822195988
RCR12458	0.0001847031822195988
RCR10674	0.0001847031822195988
RCR12461	0.0001847031822195988
RCR10675	0.0001847031822195988
RCR12460	0.0001847031822195988
RCR13658	0.009656836502299343
RCR10705	0.009656836502299343
RCR13615	0.009656836502299343
RCR10920	0.009656836502299343
RCR12899	0.009656836502299343
RCR13657	0.009656836502299343
RCR10908	0.009656836502299343
RCR13640	0.009656836502299343
RCR12900	0.009656836502299343
RCR14546	0.009656836502299343
RCR13641	0.009656836502299343
RCR13603	0.009656836502299343
RCR12904	0.0004667906539640681
RCR10707	0.0004667906539640681
RCR12921	0.0016049635420118625
RCR10709	0.0016049635420118625
RCR10710	0.0001392052797186477
RCR12815	0.0001392052797186477
RCR11099	0.0001392052797186477
RCR10760	0.0016295165577795568
RCR10736	0.0016295165577795568
RCR10733	0.0016295165577795568
RCR10759	0.0016295165577795568
RCR10763	0.0016295165577795568
RCR10735	0.0016295165577795568
RCR10741	0.0016295165577795568
RCR10762	0.0016295165577795568
RCR10738	0.0016295165577795568
RCR10761	0.0016295165577795568
RCR10765	0.0016295165577795568
RCR10737	0.0016295165577795568
RCR10739	0.0016295165577795568
RCR10764	0.0016295165577795568
RCR10740	0.0016295165577795568
RCR10742	0.0016295165577795568
RCR10766	0.0016295165577795568
RCR10743	0.0016295165577795568
RCR10767	0.0016295165577795568
RCR10749	0.0016295165577795568
RCR13063	0.0016295165577795568
RCR10768	0.0016295165577795568
RCR10745	0.0016295165577795568
RCR10744	0.0016295165577795568
RCR10746	0.0016295165577795568
RCR10719	0.0016295165577795568
RCR10747	0.0016295165577795568
RCR10722	0.0016295165577795568
RCR13066	0.0016295165577795568
RCR10748	0.0016295165577795568
RCR13064	0.0016295165577795568
RCR10721	0.0016295165577795568
RCR10751	0.0016295165577795568
RCR13065	0.0016295165577795568
RCR10754	0.0016295165577795568
RCR13067	0.0016295165577795568
RCR10720	0.0016295165577795568
RCR10750	0.0016295165577795568
RCR10732	0.0016295165577795568
RCR13068	0.0016295165577795568
RCR13069	0.0016295165577795568
RCR10725	0.0016295165577795568
RCR10752	0.0016295165577795568
RCR10723	0.0016295165577795568
RCR10753	0.0016295165577795568
RCR10724	0.0016295165577795568
RCR10755	0.0016295165577795568
RCR10726	0.0016295165577795568
RCR10727	0.0016295165577795568
RCR10756	0.0016295165577795568
RCR10717	0.0016295165577795568
RCR10728	0.0016295165577795568
RCR10729	0.0016295165577795568
RCR10718	0.0016295165577795568
RCR10758	0.0016295165577795568
RCR10730	0.0016295165577795568
RCR10731	0.0016295165577795568
RCR10757	0.0016295165577795568
RCR10734	0.0016295165577795568
RCR10798	0.0006718367257309783
RCR10780	0.0006718367257309783
RCR10817	0.0006718367257309783
RCR10799	0.0006718367257309783
RCR10781	0.0006718367257309783
RCR10818	0.0006718367257309783
RCR10800	0.0006718367257309783
RCR10782	0.0006718367257309783
RCR10819	0.0006718367257309783
RCR10801	0.0006718367257309783
RCR10783	0.0006718367257309783
RCR10820	0.0006718367257309783
RCR10802	0.0006718367257309783
RCR10784	0.0006718367257309783
RCR10821	0.0006718367257309783
RCR10769	0.0006718367257309783
RCR10803	0.0006718367257309783
RCR10777	0.0006718367257309783
RCR10785	0.0006718367257309783
RCR10822	0.0006718367257309783
RCR10804	0.0006718367257309783
RCR10786	0.0006718367257309783
RCR10823	0.0006718367257309783
RCR10805	0.0006718367257309783
RCR10787	0.0006718367257309783
RCR10806	0.0006718367257309783
RCR10788	0.0006718367257309783
RCR10772	0.0006718367257309783
RCR10808	0.0006718367257309783
RCR10789	0.0006718367257309783
RCR10770	0.0006718367257309783
RCR10771	0.0006718367257309783
RCR10809	0.0006718367257309783
RCR10790	0.0006718367257309783
RCR10773	0.0006718367257309783
RCR10810	0.0006718367257309783
RCR10791	0.0006718367257309783
RCR10774	0.0006718367257309783
RCR10811	0.0006718367257309783
RCR10792	0.0006718367257309783
RCR10775	0.0006718367257309783
RCR10812	0.0006718367257309783
RCR10793	0.0006718367257309783
RCR10776	0.0006718367257309783
RCR10813	0.0006718367257309783
RCR10794	0.0006718367257309783
RCR10778	0.0006718367257309783
RCR10815	0.0006718367257309783
RCR10795	0.0006718367257309783
RCR10779	0.0006718367257309783
RCR10816	0.0006718367257309783
RCR10796	0.0006718367257309783
RCR12498	0.0006327629279334653
RCR10814	0.0006718367257309783
RCR10797	0.0006718367257309783
RCR10824	0.0013117159460590251
RCR14561	0.0015604445842771512
RCR10825	0.0015604445842771512
RCR10876	0.0007884475843628244
RCR10827	0.0007884475843628244
RCR10831	0.0019833477510709826
RCR20240	0.0019833477510709826
RCR10830	0.0019833477510709826
RCR13127	0.0019833477510709826
RCR11067	5.707050072080676e-05
RCR14201	5.707050072080676e-05
RCR11065	1.3412159942624969e-05
RCR13187	1.3412159942624969e-05
RCR10851	0.0018116137406859704
RCR10854	0.0013028913878185518
RCR13168	0.0013028913878185518
RCR10856	0.00036835591953216624
RCR13161	0.00036835591953216624
RCR10855	0.00036835591953216624
RCR13160	0.00036835591953216624
RCR13163	0.00036835591953216624
RCR13156	0.00036835591953216624
RCR14573	0.00036835591953216624
RCR13162	0.00036835591953216624
RCR10857	0.0008442828084382476
RCR14574	0.0008442828084382476
RCR13363	0.0008442828084382476
RCR13165	0.0008442828084382476
RCR13167	0.0008442828084382476
RCR13164	0.0008442828084382476
RCR13166	0.0008442828084382476
RCR13080	0.0008442828084382476
RCR10860	0.0009693005741823841
RCR14580	0.0012136967706419754
RCR13170	0.0012136967706419754
RCR10894	0.0003491637335409355
RCR13154	0.0003491637335409355
RCR10861	0.0003491637335409355
RCR10863	0.007447716327166235
RCR14586	0.0030281876369626557
RCR10865	0.0030281876369626557
RCR10866	0.0030281876369626557
RCR13103	0.000823221496217631
RCR10873	0.000823221496217631
RCR10868	0.0005390883608537172
RCR13106	0.000823221496217631
RCR13201	0.0006733335871280473
RCR13111	0.0006733335871280473
RCR13217	0.0006733335871280473
RCR10869	0.0006733335871280473
RCR13214	0.00020998041437140212
RCR13580	0.00020998041437140212
RCR13273	0.00020998041437140212
RCR13563	0.00020998041437140212
RCR13209	0.00020998041437140212
RCR13585	0.00020998041437140212
RCR13535	0.00020998041437140212
RCR13567	0.00020998041437140212
RCR13589	0.00020998041437140212
RCR13539	0.00020998041437140212
RCR11609	0.00020998041437140212
RCR13440	0.00020998041437140212
RCR11610	0.00020998041437140212
RCR13437	0.00020998041437140212
RCR13571	0.00020998041437140212
RCR13591	0.00020998041437140212
RCR13543	0.00020998041437140212
RCR13579	0.00020998041437140212
RCR10870	0.00020998041437140212
RCR13575	0.00020998041437140212
RCR13593	0.00020998041437140212
RCR13547	0.00020998041437140212
RCR13577	0.00020998041437140212
RCR13594	0.00020998041437140212
RCR13551	0.00020998041437140212
RCR13595	0.00020998041437140212
RCR13555	0.00020998041437140212
RCR13531	0.00020998041437140212
RCR13529	0.00020998041437140212
RCR13530	0.00020998041437140212
RCR13559	0.00020998041437140212
RCR13581	0.00020998041437140212
RCR13207	0.001768474105522082
RCR13274	0.001768474105522082
RCR13200	0.001768474105522082
RCR10874	0.020519078388096825
RCR10875	0.011666461637116002
RCR10872	0.020519078388096825
RCR13107	0.020519078388096825
RCR13220	0.020519078388096825
RCR13228	0.020519078388096825
RCR10883	0.020519078388096825
RCR13096	0.020519078388096825
RCR10877	0.002050932253995272
RCR10926	0.007169898415945391
RCR10879	0.007169898415945391
RCR13477	0.0008937053573499358
RCR13509	0.0008937053573499358
RCR13501	0.0008937053573499358
RCR10881	0.0013960124369176848
RCR13486	0.0008937053573499358
RCR13524	0.0008937053573499358
RCR13471	0.0008937053573499358
RCR13495	0.0008937053573499358
RCR13518	0.0008937053573499358
RCR13480	0.0008937053573499358
RCR11604	0.0008937053573499358
RCR13248	0.0013960124369176848
RCR14619	0.0008937053573499358
RCR13504	0.0008937053573499358
RCR13489	0.0008937053573499358
RCR13512	0.0008937053573499358
RCR13474	0.0008937053573499358
RCR13498	0.0008937053573499358
RCR13521	0.0008937053573499358
RCR13483	0.0008937053573499358
RCR13515	0.0008937053573499358
RCR13507	0.0008937053573499358
RCR13492	0.0008937053573499358
RCR10882	0.0031583138953589465
RCR13400	0.0008530319309935812
RCR13391	0.0008530319309935812
RCR13393	0.0008530319309935812
RCR13404	0.0008530319309935812
RCR10895	0.002895936479493713
RCR10896	0.00045932141600350893
RCR13415	0.00045932141600350893
RCR10898	0.00045932141600350893
RCR10905	0.00045932141600350893
RCR13562	0.00045932141600350893
RCR13533	0.00045932141600350893
RCR13583	0.00045932141600350893
RCR13566	0.00045932141600350893
RCR11614	0.00045932141600350893
RCR13586	0.00045932141600350893
RCR13538	0.00045932141600350893
RCR13225	0.00045932141600350893
RCR13438	0.00045932141600350893
RCR13413	0.00045932141600350893
RCR13569	0.00045932141600350893
RCR13590	0.00045932141600350893
RCR10907	0.00045932141600350893
RCR13542	0.00045932141600350893
RCR13276	0.00045932141600350893
RCR11611	0.00045932141600350893
RCR13574	0.00045932141600350893
RCR10899	0.00045932141600350893
RCR13441	0.00045932141600350893
RCR13546	0.00045932141600350893
RCR13558	0.00045932141600350893
RCR13576	0.00045932141600350893
RCR10902	0.00045932141600350893
RCR13549	0.00045932141600350893
RCR10903	0.00045932141600350893
RCR13419	0.00045932141600350893
RCR13202	0.00045932141600350893
RCR13578	0.00045932141600350893
RCR13205	0.00045932141600350893
RCR13554	0.00045932141600350893
RCR13597	0.00045932141600350893
RCR10901	0.00045932141600350893
RCR13451	0.00202978891468613
RCR10900	0.00202978891468613
RCR10906	0.00202978891468613
RCR10897	0.00202978891468613
RCR13432	0.00202978891468613
RCR13651	0.0015688391151898373
RCR13627	0.0015688391151898373
RCR10915	0.0015688391151898373
RCR13606	0.0015688391151898373
RCR13650	0.0015688391151898373
RCR12534	0.0007817081458896052
RCR12566	0.0007817081458896052
RCR12736	0.0007817081458896052
RCR12619	0.0007817081458896052
RCR12740	0.0007817081458896052
RCR12570	0.0007817081458896052
RCR14515	0.0007817081458896052
RCR12507	0.0007817081458896052
RCR13631	0.0007817081458896052
RCR14517	0.0007817081458896052
RCR12542	0.0007817081458896052
RCR12574	0.0007817081458896052
RCR12511	0.0007817081458896052
RCR12515	0.0007817081458896052
RCR12579	0.0007817081458896052
RCR12519	0.0007817081458896052
RCR12231	0.0007817081458896052
RCR12550	0.0007817081458896052
RCR12583	0.0007817081458896052
RCR13609	0.0007817081458896052
RCR12072	0.0007817081458896052
RCR12554	0.0007817081458896052
RCR12523	0.0007817081458896052
RCR13610	0.0007817081458896052
RCR12076	0.0007817081458896052
RCR12040	0.0007817081458896052
RCR12558	0.0007817081458896052
RCR12609	0.0007817081458896052
RCR12527	0.0007817081458896052
RCR11966	0.0007817081458896052
RCR12613	0.0007817081458896052
RCR12253	0.0007817081458896052
RCR12531	0.0007817081458896052
RCR12562	0.0007817081458896052
RCR20236	4.138743265407905e-05
RCR12615	0.0007817081458896052
RCR13600	0.0015835836643640472
RCR10923	0.0015835836643640472
RCR14624	0.0015835836643640472
RCR13636	0.0015835836643640472
RCR10929	1.0
RCR10931	0.00366208712595789
RCR10930	0.00366208712595789
RCR10932	0.0020801862813286834
RCR13755	0.0020801862813286834
RCR13747	0.0020801862813286834
RCR10937	0.0034853350223793943
RCR14681	0.001815435412080422
RCR10943	0.001815435412080422
RCR10944	0.0008976852905490473
RCR10948	0.00037745869878629294
RCR10949	0.003921786667277314
RCR10950	0.0011752729913919804
RCR10953	0.00537141035961356
RCR13786	0.00537141035961356
RCR13793	0.00537141035961356
RCR14676	0.00537141035961356
RCR13796	0.00537141035961356
RCR14677	0.00537141035961356
RCR90028	0.00537141035961356
RCR13787	0.00537141035961356
RCR10954	0.0008672647205936593
RCR10956	0.0007569968714878028
RCR13791	0.0007491898402970843
RCR10959	0.0012861290166270962
RCR10961	0.0007491898402970843
RCR10965	0.0019006462028382646
RCR10974	0.0012849195518899665
RCR14689	0.00016029220772999936
RCR13853	0.00016029220772999936
RCR10976	0.00016029220772999936
RCR13855	0.00016029220772999936
RCR14688	0.00016029220772999936
RCR13854	0.00016029220772999936
RCR10980	0.00024918808453822187
RCR10989	7.069252110295372e-05
RCR11024	0.0024487383808967835
RCR11027	0.011161685581816967
RCR11036	4.400804617592073e-05
RCR11033	4.400804617592073e-05
RCR11034	0.0009604277160820404
RCR11035	0.0009604277160820404
RCR14196	0.0010962152746398324
RCR14195	0.0010962152746398324
RCR11050	0.0010962152746398324
RCR11055	0.0038389741481108072
RCR11057	0.0009186503501585932
RCR14200	0.0009186503501585932
RCR11062	0.0024995944096346235
RCR11066	0.00011931447883022039
RCR11069	0.0007959326958117294
RCR11070	0.0002593506071591854
RCR11072	0.00394165610901721
RCR11098	0.00017554764085791474
RCR14421	0.0002316372485660677
RCR11088	0.00017554764085791474
RCR14424	0.0002316372485660677
RCR14524	0.0039856790514361
RCR12653	0.0039856790514361
RCR12720	6.561090101343806e-05
RCR12684	6.561090101343806e-05
RCR12053	6.561090101343806e-05
RCR12637	6.561090101343806e-05
RCR12704	0.00017554764085791474
RCR12621	6.561090101343806e-05
RCR12757	6.561090101343806e-05
RCR12741	6.561090101343806e-05
RCR12724	6.561090101343806e-05
RCR12688	6.561090101343806e-05
RCR12056	6.561090101343806e-05
RCR12778	6.561090101343806e-05
RCR12641	6.561090101343806e-05
RCR12708	0.00017554764085791474
RCR12645	0.00017554764085791474
RCR12633	6.561090101343806e-05
RCR12762	6.561090101343806e-05
RCR12060	6.561090101343806e-05
RCR12625	6.561090101343806e-05
RCR12728	6.561090101343806e-05
RCR12766	6.561090101343806e-05
RCR12745	6.561090101343806e-05
RCR12692	6.561090101343806e-05
RCR12629	6.561090101343806e-05
RCR12064	6.561090101343806e-05
RCR12770	6.561090101343806e-05
RCR12749	6.561090101343806e-05
RCR12696	6.561090101343806e-05
RCR12649	0.00017554764085791474
RCR12716	6.561090101343806e-05
RCR12700	0.00017554764085791474
RCR12680	6.561090101343806e-05
RCR12753	6.561090101343806e-05
RCR14348	0.00017554764085791474
RCR11101	0.0005717655592050804
RCR11100	0.0005717655592050804
RCR11102	0.001084883678709956
RCR11105	0.0010607868569913817
RCR11108	0.0007569901545053707
RCR11113	0.00040603323708317236
RCR14249	0.00040603323708317236
RCR11130	0.0012839262168438273
RCR11129	0.0012839262168438273
RCR14263	0.0012839262168438273
RCR14248	0.0004422276522592206
RCR11131	0.0004422276522592206
RCR14223	0.00029878031955231057
RCR11132	0.00029878031955231057
RCR11133	0.0006003400975019619
RCR11176	0.0006003400975019619
RCR11143	0.0006589082377814822
RCR11151	0.00029554502233523363
RCR11487	0.00029554502233523363
RCR11157	0.001513701832145694
RCR11158	0.0006087292250769818
RCR11194	0.0018920576709658533
RCR11167	0.0018920576709658533
RCR11172	0.0010000149682328106
RCR14238	0.0011854985880963092
RCR11192	0.0011854985880963092
RCR14267	0.0009259969593053269
RCR11197	0.0009259969593053269
RCR11240	0.0002707804224779376
RCR11239	0.0002707804224779376
RCR11247	0.0016747427374646732
RCR11248	0.0015660854192533777
RCR14287	0.003267789756266025
RCR11262	0.003267789756266025
RCR11263	0.0037195494396355527
RCR11265	0.0037195494396355527
RCR11266	0.00023581362955885614
RCR11267	0.0005726513634144808
RCR11303	0.0013017120871978427
RCR11649	0.0013017120871978427
RCR11289	0.0013017120871978427
RCR11296	0.003021161319552996
RCR11297	0.003021161319552996
RCR11299	0.00022746966828713396
RCR11300	0.0009608072980659923
RCR11301	0.00027175730141602465
RCR11302	0.0029150770481480587
RCR11307	0.0002165332650929655
RCR11313	0.0002165332650929655
RCR13871	0.0002165332650929655
RCR11312	0.0014622092479813044
RCR11317	0.0012685875088755236
RCR11666	0.0012685875088755236
RCR11682	0.0012685875088755236
RCR11325	0.01284073135861223
RCR13803	0.01284073135861223
RCR11326	1.0
RCR12041	0.00028972913734461
RCR11971	0.00028972913734461
RCR11878	0.00028972913734461
RCR11327	0.00028972913734461
RCR11858	0.00028972913734461
RCR11949	0.00028972913734461
RCR11838	0.00028972913734461
RCR11830	0.00028972913734461
RCR11890	0.00028972913734461
RCR11870	0.00028972913734461
RCR12032	0.00028972913734461
RCR11850	0.00028972913734461
RCR11954	0.00028972913734461
RCR12022	0.00028972913734461
RCR11975	0.00028972913734461
RCR11882	0.00028972913734461
RCR12045	0.00028972913734461
RCR11862	0.00028972913734461
RCR11842	0.00028972913734461
RCR11967	0.00028972913734461
RCR11874	0.00028972913734461
RCR11854	0.00028972913734461
RCR11834	0.00028972913734461
RCR12027	0.00028972913734461
RCR11979	0.00028972913734461
RCR11886	0.00028972913734461
RCR11959	0.00028972913734461
RCR12049	0.00028972913734461
RCR11866	0.00028972913734461
RCR11846	0.00028972913734461
RCR11328	0.0003687714785470204
RCR13758	0.00015005236462693609
RCR13759	0.00015005236462693609
RCR13082	0.0005470009593477843
RCR11333	0.008735161714138481
RCR11335	0.008735161714138481
RCR11336	0.008735161714138481
RCR11334	0.012926988232979239
RCR11524	9.396275691878292e-05
RCR11378	9.396275691878292e-05
RCR12943	0.0013089886472646005
RCR11359	0.0013089886472646005
RCR11369	0.06299951186101009
RCR11415	0.06299951186101009
RCR11373	0.0004899893810399847
RCR11374	0.0004844341055391376
RCR11375	0.002507549886147015
RCR11376	0.0007392933377742266
RCR11379	0.0007392933377742266
RCR11377	0.0005413348403447895
RCR11383	0.0005413348403447895
RCR11380	0.0005413348403447895
RCR11385	0.028729639693715673
RCR11507	0.028729639693715673
RCR11388	1.0
RCR11389	1.0
RCR11390	0.002643236102672887
RCR11393	0.3550493965550966
RCR11398	0.0009804111331494015
RCR13766	0.0009804111331494015
RCR14356	0.0009804111331494015
RCR14373	0.0007277926381038535
RCR11425	0.0007277926381038535
RCR11429	0.04269634991646655
RCR11430	0.0016317038384183898
RCR11431	0.005701847668105058
RCR11485	0.013784926092954326
RCR11486	0.0072281533742320474
RCR11488	0.0013840237342063048
RCR11491	0.0018652396594438774
RCR11492	0.0019498774812475872
RCR11494	0.0014034272660574053
RCR11660	1.565863943369802e-05
RCR11501	1.565863943369802e-05
RCR11520	0.0008129295466323806
RCR11521	0.0009568865310493088
RCR14210	0.0009568865310493088
RCR11527	0.0010355603283808592
RCR11528	0.0017323496787000567
RCR11531	0.0018940159358754555
RCR11530	0.0018940159358754555
RCR11532	0.0021880073742874422
RCR11542	0.0007116183275078326
RCR11534	0.0007116183275078326
RCR11540	0.0037327895788601168
RCR11545	0.0008683428954654178
RCR11546	0.0004768196611141806
RCR11547	0.0007466418284318366
RCR11551	0.030437483907544936
RCR11550	0.10496699394958758
RCR11552	0.003913144861627491
RCR11557	0.003913144861627491
RCR11561	0.003913144861627491
RCR11553	0.0008937053573499358
RCR11556	0.0019251662068457847
RCR11559	1.0
RCR11571	0.0011239382795922598
RCR11572	0.0016882673638959824
RCR11573	0.0026939012700534044
RCR11575	0.0020536996565400103
RCR11574	0.0020536996565400103
RCR11577	0.001916025164892725
RCR11576	0.001916025164892725
RCR11579	0.003826887987260483
RCR11580	0.0039847601181479285
RCR11581	0.0019262232753851159
RCR11582	6.957414721945098e-05
RCR11598	0.0008294616030071474
RCR11599	0.011590632652008093
RCR11600	0.0007116183275078326
RCR14451	0.0007116183275078326
RCR11602	1.0
RCR11601	0.00486981201369787
RCR14452	0.00486981201369787
RCR11603	0.0019704048048615895
RCR11605	0.001810644689804679
RCR11606	0.0012040462902113379
RCR11607	0.0033701653430795995
RCR11608	0.004324825398379091
RCR13528	0.004324825398379091
RCR11613	0.004324825398379091
RCR11623	0.0009109942899045323
RCR11622	0.0009109942899045323
RCR14326	1.0
RCR11648	1.0
RCR11655	0.00012600276177374253
RCR11663	0.00012600276177374253
RCR11651	0.00012600276177374253
RCR11654	0.00012600276177374253
RCR11652	0.00012600276177374253
RCR11662	0.00012600276177374253
RCR11658	0.00038317360644566793
RCR11661	3.277409396443422e-05
RCR11670	0.0018285590959134259
RCR14481	1.986047438808401e-05
RCR11674	1.986047438808401e-05
RCR14484	2.1865288236763337e-05
RCR11675	0.00361788534620582
RCR11871	0.0012751910193466074
RCR11955	0.0012751910193466074
RCR11851	0.0012751910193466074
RCR11976	0.0012751910193466074
RCR11831	0.0012751910193466074
RCR11950	0.0012751910193466074
RCR11875	0.0012751910193466074
RCR11960	0.0012751910193466074
RCR11855	0.0012751910193466074
RCR11980	0.0012751910193466074
RCR11835	0.0012751910193466074
RCR11879	0.0012751910193466074
RCR11859	0.0012751910193466074
RCR11839	0.0012751910193466074
RCR12042	0.0012751910193466074
RCR11883	0.0012751910193466074
RCR11863	0.0012751910193466074
RCR11843	0.0012751910193466074
RCR12046	0.0012751910193466074
RCR12028	0.0012751910193466074
RCR11968	0.0012751910193466074
RCR11887	0.0012751910193466074
RCR12050	0.0012751910193466074
RCR11867	0.0012751910193466074
RCR11847	0.0012751910193466074
RCR11972	0.0012751910193466074
RCR12033	0.0012751910193466074
RCR11891	0.0012751910193466074
RCR11856	5.522189818973253e-05
RCR11836	5.522189818973253e-05
RCR11981	5.522189818973253e-05
RCR11888	5.522189818973253e-05
RCR11868	5.522189818973253e-05
RCR12051	5.522189818973253e-05
RCR12043	5.522189818973253e-05
RCR11848	5.522189818973253e-05
RCR11973	5.522189818973253e-05
RCR11880	5.522189818973253e-05
RCR11956	5.522189818973253e-05
RCR11860	5.522189818973253e-05
RCR11840	5.522189818973253e-05
RCR12034	5.522189818973253e-05
RCR11832	5.522189818973253e-05
RCR11892	5.522189818973253e-05
RCR11872	5.522189818973253e-05
RCR11852	5.522189818973253e-05
RCR11977	5.522189818973253e-05
RCR11884	5.522189818973253e-05
RCR12047	5.522189818973253e-05
RCR11961	5.522189818973253e-05
RCR11864	5.522189818973253e-05
RCR11844	5.522189818973253e-05
RCR12029	5.522189818973253e-05
RCR11969	5.522189818973253e-05
RCR11876	5.522189818973253e-05
RCR11951	5.522189818973253e-05
RCR11857	0.0019581085165159447
RCR11837	0.0019581085165159447
RCR11952	0.0019581085165159447
RCR11982	0.0019581085165159447
RCR11889	0.0019581085165159447
RCR12052	0.0019581085165159447
RCR11869	0.0019581085165159447
RCR12035	0.0019581085165159447
RCR12044	0.0019581085165159447
RCR11849	0.0019581085165159447
RCR11974	0.0019581085165159447
RCR11881	0.0019581085165159447
RCR11877	0.0019581085165159447
RCR11861	0.0019581085165159447
RCR11841	0.0019581085165159447
RCR11957	0.0019581085165159447
RCR12025	0.0019581085165159447
RCR11833	0.0019581085165159447
RCR11873	0.0019581085165159447
RCR11853	0.0019581085165159447
RCR11970	0.0019581085165159447
RCR11978	0.0019581085165159447
RCR11885	0.0019581085165159447
RCR12048	0.0019581085165159447
RCR11865	0.0019581085165159447
RCR11845	0.0019581085165159447
RCR11962	0.0019581085165159447
RCR11898	6.883280177085265e-05
RCR11899	6.883280177085265e-05
RCR11900	6.883280177085265e-05
RCR11901	6.883280177085265e-05
RCR11894	6.883280177085265e-05
RCR11902	6.883280177085265e-05
RCR11906	6.883280177085265e-05
RCR11903	6.883280177085265e-05
RCR11896	6.883280177085265e-05
RCR11895	6.883280177085265e-05
RCR11897	6.883280177085265e-05
RCR11907	6.883280177085265e-05
RCR12774	7.275356878753447e-05
RCR12761	7.275356878753447e-05
RCR12780	0.00013036492376823568
RCR12732	7.275356878753447e-05
RCR12066	0.00013036492376823568
RCR12055	7.275356878753447e-05
RCR12054	0.0001706003716774571
RCR12068	0.0001706003716774571
RCR12078	0.0001706003716774571
RCR12065	0.0001706003716774571
RCR14521	0.0001706003716774571
RCR12788	0.0001706003716774571
RCR12779	0.0001706003716774571
RCR12798	0.0001706003716774571
RCR12783	0.0001706003716774571
RCR12794	0.0001706003716774571
RCR12256	0.0006353836356813916
RCR12296	0.0006353836356813916
RCR12105	0.0006353836356813916
RCR12137	0.001784813483136751
RCR12170	0.0008809169499149916
RCR12400	0.0016461681991677918
RCR14509	0.0016461681991677918
RCR12495	0.0009215996278991719
RCR12816	0.0008109123792735545
RCR12820	0.0007726104812652597
RCR12817	0.0007726104812652597
RCR12823	0.0005136255948622506
RCR12818	0.0005136255948622506
RCR12821	0.0014391408741011866
RCR12822	0.0003863277554607494
RCR12832	0.0003481376041125085
RCR12859	0.0389177527865638
RCR12862	0.08802598566120232
RCR13302	0.08802598566120232
RCR12887	0.012276943701710358
RCR13304	0.012276943701710358
RCR12882	0.08802598566120232
RCR12881	0.08802598566120232
RCR13303	0.012276943701710358
RCR12886	0.012276943701710358
RCR12865	0.0017152381081001514
RCR12915	0.003178001045999617
RCR12920	0.003178001045999617
RCR12935	0.003178001045999617
RCR12874	0.003178001045999617
RCR12940	0.003178001045999617
RCR12895	0.0003962168476637945
RCR13614	0.008250751465749903
RCR13655	0.008250751465749903
RCR13639	0.008250751465749903
RCR13656	0.008250751465749903
RCR12897	0.008250751465749903
RCR13602	0.008250751465749903
RCR13638	0.008250751465749903
RCR12944	0.0009952051725177738
RCR12901	0.0009952051725177738
RCR12902	0.0006138194170896408
RCR12903	0.0005530475283310717
RCR12905	0.0005118161513355194
RCR12906	0.0010137376527911985
RCR12908	0.0002018147528195057
RCR12928	0.0002018147528195057
RCR12927	0.0002018147528195057
RCR12907	0.0002018147528195057
RCR12929	0.0002018147528195057
RCR12909	0.0002018147528195057
RCR12910	0.0022951302228747705
RCR12930	0.0022951302228747705
RCR12936	0.00025114846804656144
RCR12932	0.00025114846804656144
RCR12911	0.00025114846804656144
RCR12937	0.00025114846804656144
RCR12916	0.00025114846804656144
RCR12933	0.00025114846804656144
RCR12912	0.00025114846804656144
RCR12938	0.00025114846804656144
RCR12917	0.00025114846804656144
RCR12913	0.00025114846804656144
RCR12918	0.00025114846804656144
RCR12931	0.00025114846804656144
RCR12934	0.0017318918140584343
RCR12914	0.0017318918140584343
RCR12939	0.0017318918140584343
RCR12919	0.0017318918140584343
RCR12925	0.0010882322261081536
RCR12951	0.02817857949243129
RCR12952	0.0019772941793541193
RCR13077	0.0007261696539412251
RCR13078	0.0015253977484681902
RCR14562	0.0005031446889965487
RCR13081	0.0005031446889965487
RCR13085	0.0016099737839917433
RCR13089	0.0004067048120187876
RCR13099	0.001076406139036964
RCR13198	0.004105154135220461
RCR13113	0.004105154135220461
RCR13206	0.004105154135220461
RCR13112	0.004105154135220461
RCR13123	0.04269634991646655
RCR13125	0.00029117517706346303
RCR13157	0.0016710748899173965
RCR13159	0.0017432013680688677
RCR13169	0.0005256021592142976
RCR14582	0.0007845512640987336
RCR13171	0.0007845512640987336
RCR13196	0.0004746922153013987
RCR13172	0.0004746922153013987
RCR14583	0.0004746922153013987
RCR13183	0.0004746922153013987
RCR13180	0.000993017891878941
RCR13176	0.000993017891878941
RCR13177	0.0007950158669496084
RCR13182	0.00033148302164011194
RCR13188	0.0014270967388917081
RCR13193	0.0002629107690966078
RCR13232	0.002079194932770989
RCR13265	0.029198001729639805
RCR13233	0.029198001729639805
RCR13242	0.029198001729639805
RCR13245	0.029198001729639805
RCR13713	0.029198001729639805
RCR13266	0.029198001729639805
RCR13243	0.0027114297710144645
RCR13246	0.0027114297710144645
RCR13478	0.0033622770957836704
RCR13502	0.0033622770957836704
RCR13487	0.0033622770957836704
RCR13496	0.0033622770957836704
RCR13517	0.0033622770957836704
RCR13510	0.0033622770957836704
RCR13519	0.0033622770957836704
RCR13481	0.0033622770957836704
RCR13472	0.0033622770957836704
RCR13247	0.0033622770957836704
RCR13490	0.0033622770957836704
RCR13513	0.0033622770957836704
RCR13475	0.0033622770957836704
RCR13522	0.0033622770957836704
RCR13484	0.0033622770957836704
RCR13499	0.0033622770957836704
RCR13508	0.0033622770957836704
RCR13493	0.0033622770957836704
RCR13470	0.0033622770957836704
RCR13279	1.0
RCR13711	1.0
RCR13263	0.013362193371830935
RCR13275	0.0008884254465160751
RCR13313	0.00016364984528345806
RCR13358	0.00016364984528345806
RCR13314	0.011459225166959778
RCR13360	0.0016443562704616538
RCR13366	0.0006740468147185807
RCR13368	0.0014058143544593915
RCR13369	0.004489497613079727
RCR13370	0.00048413697509464606
RCR13371	0.0009951236975415437
RCR13372	0.0008957840049268371
RCR13378	0.0008957840049268371
RCR13374	0.0008957840049268371
RCR13379	0.0008957840049268371
RCR13375	0.0008957840049268371
RCR13373	0.0008957840049268371
RCR13376	0.0008957840049268371
RCR13377	0.0008957840049268371
RCR13380	0.0019833477510709826
RCR13381	0.002973889190004399
RCR13382	0.0021938349625986557
RCR13383	0.0015351996660098947
RCR13386	0.0062790533417020344
RCR13384	0.0062790533417020344
RCR13385	0.06696692002390632
RCR13388	0.0018802271634779043
RCR13396	0.0018802271634779043
RCR13395	0.0018802271634779043
RCR13399	0.0008530319309935812
RCR13390	0.0008530319309935812
RCR13403	0.0008530319309935812
RCR13392	0.0008530319309935812
RCR13402	0.004105154135220461
RCR13397	0.003670057306593206
RCR13406	0.004105154135220461
RCR13405	0.004314063377300785
RCR13408	0.004314063377300785
RCR13398	0.004314063377300785
RCR13401	0.004314063377300785
RCR13505	0.004621716471704092
RCR13525	0.004621716471704092
RCR13514	0.004621716471704092
RCR13436	0.0012213600631541663
RCR13414	0.0012213600631541663
RCR13439	0.0012213600631541663
RCR13418	0.0012213600631541663
RCR13412	0.0012213600631541663
RCR13457	0.0017928508290917787
RCR13447	0.0017928508290917787
RCR13421	0.0017928508290917787
RCR13462	0.0017928508290917787
RCR13443	0.007287030024218904
RCR13444	0.0009613583831069763
RCR13448	0.0009613583831069763
RCR13453	0.0009613583831069763
RCR13464	0.0019075267394823995
RCR13450	0.0019075267394823995
RCR13455	0.0019075267394823995
RCR13446	0.0019075267394823995
RCR13460	0.0019075267394823995
RCR13520	0.0029453699056712235
RCR13482	0.0029453699056712235
RCR14618	0.0029453699056712235
RCR13494	0.0029453699056712235
RCR13479	0.0029453699056712235
RCR13500	0.0029453699056712235
RCR13491	0.0029453699056712235
RCR13473	0.0029453699056712235
RCR13511	0.0029453699056712235
RCR13476	0.0029453699056712235
RCR13503	0.0029453699056712235
RCR13488	0.0029453699056712235
RCR13523	0.0029453699056712235
RCR13485	0.0029453699056712235
RCR13497	0.0029453699056712235
RCR13599	1.0
RCR14625	1.0
RCR20511	1.0
RCR13637	1.0
RCR13601	1.0
RCR20233	1.0
RCR13654	1.0
RCR13628	0.02918198466581014
RCR13634	0.008167177074727371
RCR13635	0.008742178542893156
RCR13653	0.0064323277368078
RCR13662	0.023056289820577114
RCR13661	0.023056289820577114
RCR13663	0.023056289820577114
RCR13718	1.0
RCR13751	0.0054266357467949175
RCR13745	0.009179685460903933
RCR13746	0.0017903774373814023
RCR14252	0.0008243328658755879
RCR13749	0.0029625019300440997
RCR13753	0.0014471568353682782
RCR13761	0.0014826097471043944
RCR13762	0.0014826097471043944
RCR13769	0.0014826097471043944
RCR13774	0.0014826097471043944
RCR13767	0.0009635684720945786
RCR13768	0.0017459399737060528
RCR13782	0.000751399929284689
RCR13780	0.000751399929284689
RCR13785	0.000751399929284689
RCR13781	0.0012646667418588422
RCR13789	0.0037195494396355527
RCR13792	0.0001837240555104595
RCR13852	0.0003182224877144932
RCR13802	0.0003182224877144932
RCR13806	0.005498816007876417
RCR13807	0.005498816007876417
RCR13812	0.005498816007876417
RCR13813	0.005498816007876417
RCR13805	0.005498816007876417
RCR13814	0.005498816007876417
RCR13822	0.0021964732034334927
RCR13838	0.0017323496787000567
RCR13842	0.002836996625205151
RCR13840	0.002836996625205151
RCR13848	0.0007614898304699474
RCR13849	0.0007614898304699474
RCR13847	0.0007614898304699474
RCR13865	0.00017724732593997987
RCR13872	0.003234852167741509
RCR13873	0.0018709545671032524
RCR13874	0.0015857709450028822
RCR13882	0.0015896856291361988
RCR13881	0.0015896856291361988
RCR13929	0.0013178694130578717
RCR13931	0.001241250187312822
RCR13942	0.0055482299224792675
RCR13945	0.000735363194606781
RCR13950	0.0014020393713408475
RCR13951	0.0021131886344122938
RCR14111	0.028249345734172142
RCR14112	0.028249345734172142
RCR14110	0.028249345734172142
RCR14137	0.00017515868329988414
RCR14143	0.0011714704201475576
RCR14144	0.00016534953036552317
RCR14483	4.367043126093485e-06
RCR14183	4.367043126093485e-06
RCR14182	4.367043126093485e-06
RCR14186	1.1704608586219956e-05
RCR14189	0.0012040869861825033
RCR14191	3.0699046820437805e-05
RCR14190	3.0699046820437805e-05
RCR14192	0.0005915783053729387
RCR14193	0.000556968295347753
RCR14199	0.0018869760554975415
RCR14205	0.0005997433071126903
RCR14206	0.0011870706171979097
RCR14207	0.002521272570705393
RCR14215	0.0013136763295673647
RCR14218	0.00012795645856008783
RCR14216	0.00012795645856008783
RCR14217	0.0016382656803348907
RCR14219	0.000150255724656663
RCR14224	0.0002393861669965173
RCR14225	0.00028652624553564526
RCR14227	1.7490726959095873e-05
RCR14228	0.001172595577336314
RCR14232	0.00024086937314838716
RCR14230	0.00024086937314838716
RCR14243	0.00024086937314838716
RCR14247	0.002147175103973099
RCR14261	0.0032524956193165874
RCR14262	0.003193548260586049
RCR14265	0.00012005947106439532
RCR14266	0.0020023974432689037
RCR14281	0.0014895305968941968
RCR14284	0.00040144974315175163
RCR14292	0.0022621381305067377
RCR14318	0.08802598566120232
RCR14416	0.042625866055334166
RCR14319	0.042625866055334166
RCR14328	0.43648968206265765
RCR14329	1.0
RCR14367	0.0026822297953374
RCR14393	0.00031399060453000575
RCR14394	0.015662870328642355
RCR14396	0.002398735728199246
RCR14401	0.0020472871597967996
RCR14410	0.00019420961033065815
RCR14411	0.0004882896959579196
RCR14412	0.0006850972596565971
RCR40168	0.001344487411768837
RCR14413	0.001344487411768837
RCR14423	0.0003406086032409711
RCR14425	0.001671270513075329
RCR14426	0.0016557639254455598
RCR14427	0.001601673160131266
RCR14433	0.002520483271980134
RCR14434	0.0015275393369258566
RCR14435	0.0019509632743345178
RCR14438	0.0004636959772811769
RCR14439	0.00018744543643237145
RCR14441	0.00017273312771292373
RCR14442	0.0004217018332722268
RCR14443	4.036991383550148e-05
RCR14554	4.036991383550148e-05
RCR14555	4.036991383550148e-05
RCR14445	0.0014928035794584786
RCR14448	0.0025853180245252703
RCR14446	0.0025853180245252703
RCR14447	0.002636752193459654
RCR14449	0.0006581517738805888
RCR14450	0.0009392430794742414
RCR14468	0.0009392430794742414
RCR14512	0.0005796218511393644
RCR14526	0.0016918874604428004
RCR14538	0.019256755480474314
RCR14550	0.0005086859169427031
RCR14553	0.0005336889577238569
RCR14563	0.0022113332077093226
RCR14564	0.0010039542950731097
RCR14575	0.0009613583831069763
RCR14576	0.0009613583831069763
RCR14577	0.0009613583831069763
RCR14578	0.005252506980986796
RCR21050	0.005252506980986796
RCR14581	0.0013958221235685579
RCR14617	0.0013348634220118876
RCR14620	0.0012764290429088862
RCR14643	0.001661072402582938
RCR14666	0.003538138481436234
RCR14667	0.0010592945684370567
RCR14668	0.0010032942758236886
RCR14693	0.0003679338526873324
RCR14694	0.00047025781919767765
RCR14726	0.01647528238307638
RCR14835	4.2972204456825556e-05
RCR40082	6.554323764927219e-06
RCR40083	6.554323764927219e-06
RCR40400	6.554323764927219e-06
RCR40084	6.554323764927219e-06
RCR40085	6.554323764927219e-06
RCR40402	6.554323764927219e-06
RCR40086	6.554323764927219e-06
RCR40087	6.554323764927219e-06
RCR40404	6.554323764927219e-06
RCR40088	6.554323764927219e-06
RCR40089	6.554323764927219e-06
RCR40406	6.554323764927219e-06
RCR40090	6.554323764927219e-06
RCR40091	6.554323764927219e-06
RCR40408	6.554323764927219e-06
RCR40092	6.554323764927219e-06
RCR40093	6.554323764927219e-06
RCR40094	6.554323764927219e-06
RCR40095	6.554323764927219e-06
RCR40096	6.554323764927219e-06
RCR40097	6.554323764927219e-06
RCR40098	6.554323764927219e-06
RCR40099	6.554323764927219e-06
RCR40100	6.554323764927219e-06
RCR40101	6.554323764927219e-06
RCR40350	6.554323764927219e-06
RCR40102	6.554323764927219e-06
RCR40103	6.554323764927219e-06
RCR40104	6.554323764927219e-06
RCR40028	6.554323764927219e-06
RCR40105	6.554323764927219e-06
RCR40106	6.554323764927219e-06
RCR40351	6.554323764927219e-06
RCR40352	6.554323764927219e-06
RCR40353	6.554323764927219e-06
RCR40354	6.554323764927219e-06
RCR40356	6.554323764927219e-06
RCR40358	6.554323764927219e-06
RCR40360	6.554323764927219e-06
RCR40362	6.554323764927219e-06
RCR40364	6.554323764927219e-06
RCR40366	6.554323764927219e-06
RCR40043	6.554323764927219e-06
RCR40368	6.554323764927219e-06
RCR40370	6.554323764927219e-06
RCR40177	6.554323764927219e-06
RCR14836	3.06144107920983e-05
RCR40372	6.554323764927219e-06
RCR40374	6.554323764927219e-06
RCR40376	6.554323764927219e-06
RCR40059	6.554323764927219e-06
RCR40378	6.554323764927219e-06
RCR40380	6.554323764927219e-06
RCR40382	6.554323764927219e-06
RCR40384	6.554323764927219e-06
RCR40386	6.554323764927219e-06
RCR40178	6.554323764927219e-06
RCR40388	6.554323764927219e-06
RCR40179	6.554323764927219e-06
RCR40390	6.554323764927219e-06
RCR40392	6.554323764927219e-06
RCR40394	6.554323764927219e-06
RCR40081	6.554323764927219e-06
RCR40078	6.554323764927219e-06
RCR40079	6.554323764927219e-06
RCR40396	6.554323764927219e-06
RCR40080	6.554323764927219e-06
RCR40398	6.554323764927219e-06
RCR20001	0.0026653267317565295
RCR20005	4.140145995600715e-06
RCR20015	0.08802598566120232
RCR40013	0.00030642339217693926
RCR20729	0.0013509236162258435
RCR20021	0.0013509236162258435
RCR20330	0.003197587716769915
RCR40139	0.003197587716769915
RCR40471	0.00024353504414052348
RCR20332	0.003197587716769915
RCR40140	0.003197587716769915
RCR40002	0.00024353504414052348
RCR20067	0.003197587716769915
RCR20333	0.003197587716769915
RCR40995	0.00024353504414052348
RCR40469	0.00024353504414052348
RCR20022	0.003197587716769915
RCR20206	0.003197587716769915
RCR40997	0.00024353504414052348
RCR40470	0.00024353504414052348
RCR40003	0.00024353504414052348
RCR40999	0.00024353504414052348
RCR20328	0.003197587716769915
RCR40998	0.00024353504414052348
RCR20036	0.003197587716769915
RCR20035	0.003197587716769915
RCR40015	0.00024353504414052348
RCR20038	0.003197587716769915
RCR20037	0.003197587716769915
RCR40022	0.00024353504414052348
RCR40066	0.00024353504414052348
RCR20153	0.003197587716769915
RCR21081	0.003197587716769915
RCR20043	0.003197587716769915
RCR20054	0.003197587716769915
RCR20041	0.003197587716769915
RCR40074	0.003197587716769915
RCR40075	0.003197587716769915
RCR20767	0.003197587716769915
RCR40111	0.00024353504414052348
RCR40221	0.00024353504414052348
RCR40112	0.0006519459248425524
RCR40222	0.00024353504414052348
RCR20055	0.003197587716769915
RCR40077	0.003197587716769915
RCR20327	0.003197587716769915
RCR20329	0.003197587716769915
RCR20331	0.003197587716769915
RCR20879	7.075865439977318e-05
RCR20027	7.075865439977318e-05
RCR20045	0.0014338478360127957
RCR20063	6.123633973577058e-05
RCR20169	6.123633973577058e-05
RCR20575	6.123633973577058e-05
RCR20130	0.00039079348332483676
RCR40853	0.00039079348332483676
RCR40464	0.00039079348332483676
RCR20071	0.00039079348332483676
RCR40439	0.00039079348332483676
RCR20074	0.0009164630695197602
RCR20076	0.0011921325520502265
RCR20173	0.0011921325520502265
RCR20085	4.081048109471616e-06
RCR41458	0.00017898688149550233
RCR40528	0.00017898688149550233
RCR41459	0.00017898688149550233
RCR40529	0.00017898688149550233
RCR41460	0.00017898688149550233
RCR40530	0.00017898688149550233
RCR41461	0.00017898688149550233
RCR40531	0.00017898688149550233
RCR41462	0.00017898688149550233
RCR20123	0.00017898688149550233
RCR40532	0.00017898688149550233
RCR41463	0.00017898688149550233
RCR40533	0.00017898688149550233
RCR41464	0.00017898688149550233
RCR40534	0.00017898688149550233
RCR41465	0.00017898688149550233
RCR40535	0.00017898688149550233
RCR41466	0.00017898688149550233
RCR41467	0.00017898688149550233
RCR41468	0.00017898688149550233
RCR20268	0.00017898688149550233
RCR41469	0.00017898688149550233
RCR20273	0.00017898688149550233
RCR41470	0.00017898688149550233
RCR41471	0.00017898688149550233
RCR41472	0.00017898688149550233
RCR20272	0.00017898688149550233
RCR41473	0.00017898688149550233
RCR41474	0.00017898688149550233
RCR40020	0.00017898688149550233
RCR20299	0.00017898688149550233
RCR40029	0.00017898688149550233
RCR40978	0.00017898688149550233
RCR40032	0.00017898688149550233
RCR40030	0.00017898688149550233
RCR40031	0.00017898688149550233
RCR40033	0.00017898688149550233
RCR40034	0.00017898688149550233
RCR40035	0.00017898688149550233
RCR40036	0.00017898688149550233
RCR40037	0.00017898688149550233
RCR40038	0.00017898688149550233
RCR40039	0.00017898688149550233
RCR40040	0.00017898688149550233
RCR40041	0.00017898688149550233
RCR40042	0.00017898688149550233
RCR20598	0.00017898688149550233
RCR40045	0.00017898688149550233
RCR40046	0.00017898688149550233
RCR40047	0.00017898688149550233
RCR40048	0.00017898688149550233
RCR40049	0.00017898688149550233
RCR40050	0.00017898688149550233
RCR40062	0.00017898688149550233
RCR40063	0.00017898688149550233
RCR40065	0.00017898688149550233
RCR40265	0.00017898688149550233
RCR20086	0.00017898688149550233
RCR40268	0.00017898688149550233
RCR40266	0.00017898688149550233
RCR40267	0.00017898688149550233
RCR40269	0.00017898688149550233
RCR40270	0.00017898688149550233
RCR40271	0.00017898688149550233
RCR40076	0.00017898688149550233
RCR40272	0.00017898688149550233
RCR41456	0.00017898688149550233
RCR41457	0.00017898688149550233
RCR20608	0.0025327316532927227
RCR20101	0.0025327316532927227
RCR20112	0.0025327316532927227
RCR20108	0.0025327316532927227
RCR20114	0.0025327316532927227
RCR20613	0.0025327316532927227
RCR20113	0.0025327316532927227
RCR20117	0.0025327316532927227
RCR20607	0.0025327316532927227
RCR20107	0.0025327316532927227
RCR20090	0.0025327316532927227
RCR20111	0.0025327316532927227
RCR20102	0.0025327316532927227
RCR20923	0.002336996520921339
RCR20098	0.002336996520921339
RCR20120	3.71762527085995e-05
RCR20122	0.0015463998935038733
RCR20284	0.0015463998935038733
RCR20326	0.0015463998935038733
RCR20286	0.0015463998935038733
RCR20141	0.0015463998935038733
RCR20191	0.0015463998935038733
RCR20131	0.0009558341210187671
RCR20136	1.1981680028964584e-05
RCR20163	0.00016841309103862338
RCR20559	0.000433464134322273
RCR20166	0.000433464134322273
RCR20558	0.000433464134322273
RCR20576	0.001202258082755706
RCR20574	0.001202258082755706
RCR20263	0.001202258082755706
RCR20667	0.001202258082755706
RCR20668	0.001202258082755706
RCR20578	0.001202258082755706
RCR20573	0.001202258082755706
RCR20579	0.001202258082755706
RCR20265	0.001202258082755706
RCR20580	0.001202258082755706
RCR20274	0.001202258082755706
RCR20581	0.001202258082755706
RCR20625	0.001202258082755706
RCR20626	0.001202258082755706
RCR20170	0.001202258082755706
RCR20582	0.001202258082755706
RCR20564	0.001202258082755706
RCR20182	0.0005818091317781994
RCR20212	0.00016188775475305654
RCR20215	0.0035736835664537717
RCR20231	0.0012751910193466074
RCR90198	0.0012751910193466074
RCR20516	0.0012751910193466074
RCR20698	0.003588004445978835
RCR20702	0.003588004445978835
RCR20699	0.003588004445978835
RCR20700	0.003588004445978835
RCR20691	0.003588004445978835
RCR20701	0.003588004445978835
RCR20692	0.003588004445978835
RCR20302	0.003588004445978835
RCR20303	0.003588004445978835
RCR20259	0.01092231656859332
RCR20262	0.001149004114866725
RCR20571	0.001149004114866725
RCR40466	0.0016685868591399466
RCR40468	0.0016685868591399466
RCR20591	0.0016685868591399466
RCR40467	0.0016685868591399466
RCR40054	0.0016685868591399466
RCR40277	0.0016685868591399466
RCR41522	0.0016685868591399466
RCR21086	0.0016685868591399466
RCR40459	0.0016685868591399466
RCR41523	0.0016685868591399466
RCR40219	0.0016685868591399466
RCR41524	0.0016685868591399466
RCR20269	0.0016685868591399466
RCR21062	0.0016685868591399466
RCR40465	0.0016685868591399466
RCR20270	5.989700926843833e-06
RCR20277	9.799639366427913e-06
RCR20334	3.746666563739722e-05
RCR20809	0.004526741450944935
RCR20342	0.004526741450944935
RCR20772	0.004526741450944935
RCR20366	0.004239040082651017
RCR20418	0.0002803052685768981
RCR20382	0.0002803052685768981
RCR20419	0.0002803052685768981
RCR20383	0.0002803052685768981
RCR20420	0.0002803052685768981
RCR20384	0.0002803052685768981
RCR20421	0.0002803052685768981
RCR20385	0.0002803052685768981
RCR20422	0.0002803052685768981
RCR20386	0.0002803052685768981
RCR20423	0.0002803052685768981
RCR20387	0.0002803052685768981
RCR20424	0.0002803052685768981
RCR20388	0.0002803052685768981
RCR20425	0.0002803052685768981
RCR20389	0.0002803052685768981
RCR20426	0.0002803052685768981
RCR20390	0.0002803052685768981
RCR20427	0.0002803052685768981
RCR20391	0.0002803052685768981
RCR20428	0.0002803052685768981
RCR20392	0.0002803052685768981
RCR20429	0.0002803052685768981
RCR20393	0.0002803052685768981
RCR20430	0.0002803052685768981
RCR20394	0.0002803052685768981
RCR20431	0.0002803052685768981
RCR20395	0.0002803052685768981
RCR20432	0.0002803052685768981
RCR41019	0.0002803052685768981
RCR20396	0.0002803052685768981
RCR20433	0.0002803052685768981
RCR41020	0.0002803052685768981
RCR20397	0.0002803052685768981
RCR20434	0.0002803052685768981
RCR20398	0.0002803052685768981
RCR20435	0.0002803052685768981
RCR20399	0.0002803052685768981
RCR20400	0.0002803052685768981
RCR20401	0.0002803052685768981
RCR20440	0.0002803052685768981
RCR20402	0.0002803052685768981
RCR20441	0.0002803052685768981
RCR20403	0.0002803052685768981
RCR20404	0.0002803052685768981
RCR20405	0.0002803052685768981
RCR20406	0.0002803052685768981
RCR20407	0.0002803052685768981
RCR20408	0.0002803052685768981
RCR20409	0.0002803052685768981
RCR20410	0.0002803052685768981
RCR20411	0.0002803052685768981
RCR20412	0.0002803052685768981
RCR20413	0.0002803052685768981
RCR20414	0.0002803052685768981
RCR20415	0.0002803052685768981
RCR20416	0.0002803052685768981
RCR20417	0.0002803052685768981
RCR40694	0.0006518021122208772
RCR40273	0.027124459684025437
RCR20530	0.0010592945684370567
RCR40747	0.001365792813568597
RCR20971	0.001365792813568597
RCR40746	0.001365792813568597
RCR20583	0.001365792813568597
RCR40745	0.001365792813568597
RCR20594	0.001478348544268007
RCR20599	0.0012532257019026664
RCR20616	0.0022703897849578386
RCR20782	0.005022721927348469
RCR20778	0.005022721927348469
RCR20784	0.005022721927348469
RCR20780	0.005022721927348469
RCR20776	0.005022721927348469
RCR20878	0.0017987468942302234
RCR20969	0.003200623082518102
RCR20885	0.003200623082518102
RCR20884	0.0024997083521136566
RCR20887	0.0027604393587229983
RCR20888	0.0007527376350853239
RCR40189	0.00533512448957338
RCR40190	0.00533512448957338
RCR40399	0.00533512448957338
RCR40191	0.00533512448957338
RCR40192	0.00533512448957338
RCR40401	0.00533512448957338
RCR40193	0.00533512448957338
RCR40194	0.00533512448957338
RCR40403	0.00533512448957338
RCR40195	0.00533512448957338
RCR40196	0.00533512448957338
RCR40405	0.00533512448957338
RCR40197	0.00533512448957338
RCR40198	0.00533512448957338
RCR40407	0.00533512448957338
RCR40199	0.00533512448957338
RCR40200	0.00533512448957338
RCR40409	0.00533512448957338
RCR41064	0.0006519459248425524
RCR40201	0.00533512448957338
RCR41065	0.0006519459248425524
RCR40202	0.00533512448957338
RCR41066	0.0006519459248425524
RCR40203	0.00533512448957338
RCR40204	0.00533512448957338
RCR40205	0.00533512448957338
RCR40206	0.00533512448957338
RCR40207	0.00533512448957338
RCR40208	0.00533512448957338
RCR40209	0.00533512448957338
RCR40210	0.00533512448957338
RCR40211	0.00533512448957338
RCR40213	0.0014534055137204452
RCR40357	0.00533512448957338
RCR40359	0.00533512448957338
RCR40361	0.00533512448957338
RCR40363	0.00533512448957338
RCR40365	0.00533512448957338
RCR40367	0.00533512448957338
RCR40238	0.0006519459248425524
RCR40369	0.00533512448957338
RCR40239	0.0006519459248425524
RCR40240	0.0006519459248425524
RCR40371	0.00533512448957338
RCR40241	0.0006519459248425524
RCR40242	0.0006519459248425524
RCR40373	0.00533512448957338
RCR40243	0.0006519459248425524
RCR40375	0.00533512448957338
RCR40377	0.00533512448957338
RCR40379	0.00533512448957338
RCR40381	0.00533512448957338
RCR40383	0.00533512448957338
RCR40385	0.00533512448957338
RCR40180	0.00533512448957338
RCR40387	0.00533512448957338
RCR40506	0.0006519459248425524
RCR40507	0.0006519459248425524
RCR40389	0.00533512448957338
RCR40508	0.0006519459248425524
RCR40181	0.00533512448957338
RCR40509	0.0006519459248425524
RCR40182	0.00533512448957338
RCR40391	0.00533512448957338
RCR40510	0.0006519459248425524
RCR40183	0.00533512448957338
RCR40511	0.0006519459248425524
RCR40184	0.00533512448957338
RCR40393	0.00533512448957338
RCR40188	0.00533512448957338
RCR40185	0.00533512448957338
RCR40186	0.00533512448957338
RCR40395	0.00533512448957338
RCR40187	0.00533512448957338
RCR40397	0.00533512448957338
RCR20925	0.00533512448957338
RCR20945	0.004811892352874651
RCR20946	0.002029216310111817
RCR20977	0.0011001946431817926
RCR21045	0.003399777169379867
RCR21046	2.17976248725975e-06
RCR21047	4.0847317070517935e-06
RCR21048	3.879447569324996e-06
RCR40442	0.002462443357629404
RCR40731	0.002462443357629404
RCR40448	0.002462443357629404
RCR40215	0.002462443357629404
RCR40450	0.002462443357629404
RCR40438	0.002462443357629404
RCR30519	0.0004101041821829178
RCR30520	0.007053679241989713
RCR41128	0.0006519459248425524
RCR41130	0.0006519459248425524
RCR41132	0.0006519459248425524
RCR41133	0.0006519459248425524
RCR41134	0.0006519459248425524
RCR41137	0.0006519459248425524
RCR41138	0.0006519459248425524
RCR41139	0.0006519459248425524
RCR41140	0.0006519459248425524
RCR41142	0.0006519459248425524
RCR41143	0.0006519459248425524
RCR41145	0.0006519459248425524
RCR41147	0.0006519459248425524
RCR41148	0.0006519459248425524
RCR41149	0.0006519459248425524
RCR41150	0.0006519459248425524
RCR41151	0.0006519459248425524
RCR41152	0.0006519459248425524
RCR41153	0.0006519459248425524
RCR41154	0.0006519459248425524
RCR41155	0.0006519459248425524
RCR41156	0.0006519459248425524
RCR41157	0.0006519459248425524
RCR41158	0.0006519459248425524
RCR41159	0.0006519459248425524
RCR41160	0.0006519459248425524
RCR41161	0.0006519459248425524
RCR41162	0.0006519459248425524
RCR40234	0.0006519459248425524
RCR41163	0.0006519459248425524
RCR40232	0.0006519459248425524
RCR41164	0.0006519459248425524
RCR41165	0.0006519459248425524
RCR40233	0.0006519459248425524
RCR41166	0.0006519459248425524
RCR40235	0.0006519459248425524
RCR41167	0.0006519459248425524
RCR40236	0.0006519459248425524
RCR41168	0.0006519459248425524
RCR40237	0.0006519459248425524
RCR41169	0.0006519459248425524
RCR41170	0.0006519459248425524
RCR41171	0.0006519459248425524
RCR41172	0.0006519459248425524
RCR41173	0.0006519459248425524
RCR41174	0.0006519459248425524
RCR41175	0.0006519459248425524
RCR40244	0.0006519459248425524
RCR41176	0.0006519459248425524
RCR40245	0.0006519459248425524
RCR41177	0.0006519459248425524
RCR40246	0.0006519459248425524
RCR41178	0.0006519459248425524
RCR40247	0.0006519459248425524
RCR40248	0.0006519459248425524
RCR40249	0.0006519459248425524
RCR41040	0.0006519459248425524
RCR41041	0.0006519459248425524
RCR41042	0.0006519459248425524
RCR41043	0.0006519459248425524
RCR41044	0.0006519459248425524
RCR41045	0.0006519459248425524
RCR41046	0.0006519459248425524
RCR41047	0.0006519459248425524
RCR41048	0.0006519459248425524
RCR41049	0.0006519459248425524
RCR41050	0.0006519459248425524
RCR41051	0.0006519459248425524
RCR41052	0.0006519459248425524
RCR41127	0.0006519459248425524
RCR41053	0.0006519459248425524
RCR41054	0.0006519459248425524
RCR41055	0.0006519459248425524
RCR41057	0.0006519459248425524
RCR41058	0.0006519459248425524
RCR41059	0.0006519459248425524
RCR41060	0.0006519459248425524
RCR41061	0.0006519459248425524
RCR41062	0.0006519459248425524
RCR40152	0.0006519459248425524
RCR41063	0.0006519459248425524
RCR40004	0.0006519459248425524
RCR40009	0.0006519459248425524
RCR41067	0.0006519459248425524
RCR41068	0.0006519459248425524
RCR41070	0.0006519459248425524
RCR40016	0.0006519459248425524
RCR41071	0.0006519459248425524
RCR40017	0.0006519459248425524
RCR41072	0.0006519459248425524
RCR41073	0.0006519459248425524
RCR41074	0.0006519459248425524
RCR40023	0.0006519459248425524
RCR41075	0.0006519459248425524
RCR40024	0.0006519459248425524
RCR41076	0.0006519459248425524
RCR40025	0.0006519459248425524
RCR41077	0.0006519459248425524
RCR41078	0.0006519459248425524
RCR41079	0.0006519459248425524
RCR41080	0.0006519459248425524
RCR41081	0.0006519459248425524
RCR41083	0.0006519459248425524
RCR41084	0.0006519459248425524
RCR40115	0.0006519459248425524
RCR41085	0.0006519459248425524
RCR40117	0.0006519459248425524
RCR41086	0.0006519459248425524
RCR40118	0.0006519459248425524
RCR41087	0.0006519459248425524
RCR40119	0.0006519459248425524
RCR41088	0.0006519459248425524
RCR40120	0.0006519459248425524
RCR41089	0.0006519459248425524
RCR40121	0.0006519459248425524
RCR41090	0.0006519459248425524
RCR40122	0.0006519459248425524
RCR41091	0.0006519459248425524
RCR40123	0.0006519459248425524
RCR41092	0.0006519459248425524
RCR41093	0.0006519459248425524
RCR41094	0.0006519459248425524
RCR41095	0.0006519459248425524
RCR41096	0.0006519459248425524
RCR41097	0.0006519459248425524
RCR41098	0.0006519459248425524
RCR41099	0.0006519459248425524
RCR40485	0.0006519459248425524
RCR41100	0.0006519459248425524
RCR40156	0.0006519459248425524
RCR40486	0.0006519459248425524
RCR41101	0.0006519459248425524
RCR40153	0.0006519459248425524
RCR40489	0.0006519459248425524
RCR41102	0.0006519459248425524
RCR40490	0.0006519459248425524
RCR41103	0.0006519459248425524
RCR40492	0.0006519459248425524
RCR41104	0.0006519459248425524
RCR40493	0.0006519459248425524
RCR40154	0.0006519459248425524
RCR40494	0.0006519459248425524
RCR40155	0.0006519459248425524
RCR40496	0.0006519459248425524
RCR41107	0.0006519459248425524
RCR40157	0.0006519459248425524
RCR40497	0.0006519459248425524
RCR41108	0.0006519459248425524
RCR40158	0.0006519459248425524
RCR40498	0.0006519459248425524
RCR41109	0.0006519459248425524
RCR40500	0.0006519459248425524
RCR41110	0.0006519459248425524
RCR40501	0.0006519459248425524
RCR40502	0.0006519459248425524
RCR41112	0.0006519459248425524
RCR40067	0.0006519459248425524
RCR40503	0.0006519459248425524
RCR41113	0.0006519459248425524
RCR40068	0.0006519459248425524
RCR40504	0.0006519459248425524
RCR40069	0.0006519459248425524
RCR40505	0.0006519459248425524
RCR41115	0.0006519459248425524
RCR40070	0.0006519459248425524
RCR41117	0.0006519459248425524
RCR41118	0.0006519459248425524
RCR41119	0.0006519459248425524
RCR40512	0.0006519459248425524
RCR41122	0.0006519459248425524
RCR40513	0.0006519459248425524
RCR41123	0.0006519459248425524
RCR40514	0.0006519459248425524
RCR41124	0.0006519459248425524
RCR40515	0.0006519459248425524
RCR41125	0.0006519459248425524
RCR40516	0.0006519459248425524
RCR40517	0.0006519459248425524
RCR40008	0.00562961088762523
RCR41003	0.00033740534241356494
RCR41271	0.0026016482945473815
RCR41129	0.0014870838334347263
RCR41272	0.0026016482945473815
RCR41273	0.0026016482945473815
RCR41131	0.0014870838334347263
RCR41274	0.0026016482945473815
RCR41275	0.0026016482945473815
RCR41276	0.0026016482945473815
RCR41277	0.0026016482945473815
RCR41135	0.0014870838334347263
RCR41278	0.0026016482945473815
RCR41136	0.0014870838334347263
RCR41279	0.0026016482945473815
RCR41280	0.0026016482945473815
RCR41281	0.0026016482945473815
RCR41282	0.0026016482945473815
RCR41283	0.0026016482945473815
RCR41141	0.0014870838334347263
RCR41284	0.0026016482945473815
RCR41285	0.0014870838334347263
RCR41286	0.0014870838334347263
RCR41144	0.0014870838334347263
RCR41287	0.0014870838334347263
RCR41288	0.0026016482945473815
RCR41146	0.0014870838334347263
RCR41289	0.0026016482945473815
RCR41290	0.0026016482945473815
RCR41291	0.0026016482945473815
RCR41292	0.0014870838334347263
RCR41293	0.0026016482945473815
RCR41294	0.0026016482945473815
RCR41295	0.0014870838334347263
RCR41296	0.0026016482945473815
RCR41297	0.0026016482945473815
RCR41298	0.0026016482945473815
RCR41299	0.0026016482945473815
RCR41300	0.0026016482945473815
RCR41301	0.0026016482945473815
RCR41302	0.0026016482945473815
RCR41303	0.0026016482945473815
RCR41304	0.0026016482945473815
RCR41305	0.0026016482945473815
RCR41306	0.0026016482945473815
RCR41307	0.0026016482945473815
RCR41308	0.0026016482945473815
RCR41309	0.0026016482945473815
RCR41310	0.0026016482945473815
RCR41311	0.0026016482945473815
RCR41312	0.0026016482945473815
RCR41313	0.0026016482945473815
RCR41314	0.0026016482945473815
RCR41315	0.0026016482945473815
RCR41316	0.0026016482945473815
RCR41317	0.0026016482945473815
RCR41318	0.0026016482945473815
RCR41319	0.0026016482945473815
RCR41320	0.0026016482945473815
RCR41321	0.0026016482945473815
RCR41179	0.0026016482945473815
RCR41322	0.0026016482945473815
RCR41180	0.0026016482945473815
RCR41323	0.0026016482945473815
RCR41181	0.0026016482945473815
RCR41324	0.0026016482945473815
RCR41182	0.0026016482945473815
RCR41325	0.0026016482945473815
RCR41183	0.0026016482945473815
RCR41326	0.0026016482945473815
RCR41184	0.0026016482945473815
RCR41327	0.0026016482945473815
RCR41185	0.0026016482945473815
RCR41328	0.0026016482945473815
RCR41186	0.0026016482945473815
RCR41329	0.0026016482945473815
RCR41187	0.0026016482945473815
RCR41330	0.0026016482945473815
RCR41188	0.0026016482945473815
RCR41331	0.0026016482945473815
RCR41189	0.0026016482945473815
RCR41332	0.0026016482945473815
RCR41190	0.0026016482945473815
RCR41333	0.0026016482945473815
RCR41191	0.0026016482945473815
RCR41334	0.0026016482945473815
RCR41192	0.0026016482945473815
RCR41335	0.0026016482945473815
RCR41193	0.0026016482945473815
RCR41336	0.0026016482945473815
RCR41194	0.0026016482945473815
RCR41337	0.0026016482945473815
RCR41195	0.0026016482945473815
RCR41338	0.0026016482945473815
RCR41196	0.0026016482945473815
RCR41339	0.0026016482945473815
RCR41197	0.0026016482945473815
RCR41340	0.0026016482945473815
RCR41198	0.0026016482945473815
RCR41341	0.0026016482945473815
RCR41199	0.0026016482945473815
RCR41342	0.0026016482945473815
RCR41343	0.0026016482945473815
RCR41345	0.0026016482945473815
RCR41346	0.0026016482945473815
RCR41347	0.0026016482945473815
RCR41348	0.0026016482945473815
RCR41349	0.0026016482945473815
RCR41350	0.0026016482945473815
RCR41351	0.0026016482945473815
RCR41352	0.0026016482945473815
RCR41353	0.0026016482945473815
RCR41354	0.0026016482945473815
RCR41355	0.0026016482945473815
RCR41356	0.0026016482945473815
RCR41357	0.0026016482945473815
RCR41358	0.0026016482945473815
RCR41359	0.0026016482945473815
RCR41360	0.0026016482945473815
RCR41361	0.0026016482945473815
RCR41362	0.0026016482945473815
RCR41363	0.0026016482945473815
RCR41364	0.0026016482945473815
RCR41365	0.0026016482945473815
RCR41366	0.0026016482945473815
RCR41367	0.0026016482945473815
RCR41368	0.0026016482945473815
RCR41369	0.0026016482945473815
RCR41370	0.0026016482945473815
RCR41371	0.0026016482945473815
RCR41372	0.0026016482945473815
RCR41373	0.0026016482945473815
RCR41374	0.0026016482945473815
RCR41376	0.0026016482945473815
RCR41377	0.0026016482945473815
RCR41378	0.0026016482945473815
RCR41379	0.0026016482945473815
RCR41380	0.0026016482945473815
RCR41381	0.0026016482945473815
RCR41382	0.0026016482945473815
RCR41383	0.0026016482945473815
RCR41384	0.0026016482945473815
RCR41385	0.0026016482945473815
RCR41386	0.0026016482945473815
RCR41387	0.0026016482945473815
RCR41388	0.0026016482945473815
RCR41389	0.0026016482945473815
RCR41390	0.0026016482945473815
RCR41391	0.0026016482945473815
RCR41392	0.0026016482945473815
RCR41393	0.0026016482945473815
RCR41105	0.0014870838334347263
RCR41394	0.0026016482945473815
RCR41106	0.0014870838334347263
RCR41395	0.0026016482945473815
RCR41396	0.0026016482945473815
RCR41397	0.0026016482945473815
RCR41398	0.0026016482945473815
RCR41399	0.0026016482945473815
RCR41111	0.0014870838334347263
RCR41400	0.0026016482945473815
RCR41401	0.0026016482945473815
RCR41402	0.0026016482945473815
RCR41114	0.0014870838334347263
RCR41403	0.0026016482945473815
RCR41404	0.0026016482945473815
RCR41116	0.0014870838334347263
RCR41405	0.0026016482945473815
RCR41406	0.0026016482945473815
RCR41407	0.0026016482945473815
RCR41408	0.0026016482945473815
RCR41120	0.0014870838334347263
RCR41436	0.0026016482945473815
RCR41121	0.0014870838334347263
RCR41439	0.0026016482945473815
RCR41440	0.0026016482945473815
RCR41442	0.0026016482945473815
RCR41126	0.0014870838334347263
RCR41200	0.0026016482945473815
RCR41201	0.0026016482945473815
RCR41202	0.0026016482945473815
RCR41203	0.0026016482945473815
RCR41204	0.0026016482945473815
RCR41205	0.0026016482945473815
RCR41206	0.0026016482945473815
RCR41207	0.0026016482945473815
RCR41208	0.0026016482945473815
RCR41209	0.0026016482945473815
RCR41210	0.0014870838334347263
RCR41211	0.0014870838334347263
RCR41212	0.0014870838334347263
RCR41213	0.0026016482945473815
RCR41214	0.0026016482945473815
RCR41215	0.0026016482945473815
RCR41216	0.0026016482945473815
RCR41217	0.0026016482945473815
RCR41218	0.0026016482945473815
RCR41219	0.0014870838334347263
RCR41220	0.0026016482945473815
RCR41221	0.0014870838334347263
RCR41222	0.0026016482945473815
RCR41223	0.0026016482945473815
RCR41224	0.0026016482945473815
RCR41225	0.0026016482945473815
RCR41226	0.0026016482945473815
RCR41227	0.0026016482945473815
RCR41228	0.0026016482945473815
RCR41229	0.0026016482945473815
RCR41230	0.0026016482945473815
RCR41231	0.0026016482945473815
RCR41232	0.0026016482945473815
RCR41233	0.0026016482945473815
RCR41234	0.0026016482945473815
RCR41235	0.0026016482945473815
RCR41236	0.0026016482945473815
RCR41237	0.0026016482945473815
RCR41238	0.0026016482945473815
RCR41239	0.0026016482945473815
RCR41240	0.0026016482945473815
RCR41241	0.0026016482945473815
RCR41242	0.0026016482945473815
RCR41243	0.0026016482945473815
RCR41244	0.0026016482945473815
RCR41245	0.0026016482945473815
RCR41246	0.0026016482945473815
RCR41247	0.0026016482945473815
RCR41248	0.0026016482945473815
RCR41249	0.0026016482945473815
RCR41250	0.0026016482945473815
RCR41251	0.0026016482945473815
RCR41252	0.0026016482945473815
RCR40264	0.00024220588418105598
RCR41253	0.0026016482945473815
RCR41254	0.0026016482945473815
RCR41255	0.0014870838334347263
RCR41256	0.0014870838334347263
RCR41257	0.0014870838334347263
RCR41258	0.0026016482945473815
RCR41259	0.0026016482945473815
RCR41260	0.0026016482945473815
RCR41261	0.0026016482945473815
RCR41262	0.0014870838334347263
RCR41263	0.0026016482945473815
RCR41264	0.0026016482945473815
RCR41265	0.0026016482945473815
RCR41266	0.0014870838334347263
RCR41267	0.0026016482945473815
RCR41268	0.0026016482945473815
RCR41269	0.0026016482945473815
RCR41270	0.0026016482945473815
RCR40072	0.0026016482945473815
RCR40411	0.00366208712595789
RCR40793	0.0033191486586001775
RCR41596	0.0010431316756482894
RCR41597	0.0010431316756482894
RCR41598	0.0010431316756482894
RCR41599	0.0010431316756482894
RCR41600	0.0010431316756482894
RCR41601	0.0010431316756482894
RCR41602	0.0010431316756482894
RCR41603	0.0010431316756482894
RCR41604	0.0010431316756482894
RCR40058	1.0
RCR40061	1.0
RCR40148	0.0023117227545324387
RCR40214	0.02611633778356727
RCR40228	0.0020042335226763543
RCR40527	0.0010695727142381217
RCR40308	1.0
RCR40278	0.001799851439635924
RCR40288	0.005314819070091266
RCR40291	0.3627142404830896
RCR40289	0.3627142404830896
RCR90181	0.0033743549653047133
RCR90104	0.0033743549653047133
RCR40322	0.001752802235435741
RCR40297	0.0033743549653047133
RCR40321	0.001752802235435741
RCR40303	0.003679666689373833
RCR40305	0.001752802235435741
RCR40740	0.001752802235435741
RCR40881	0.001752802235435741
RCR40326	0.012053795011886591
RCR40741	0.012053795011886591
RCR40536	0.0006518021122208772
RCR40558	0.012053795011886591
RCR40426	0.0029150770481480587
RCR40757	0.0037327895788601168
RCR40440	0.008369737785841687
RCR40899	0.008369737785841687
RCR40446	0.007735892702892376
RCR40858	0.007735892702892376
RCR41035	0.025016728895585524
RCR41564	0.0038391667332400205
RCR40709	0.003290156635848319
RCR40849	0.003290156635848319
RCR41574	0.003290156635848319
RCR40972	0.011523353641007102
RCR41618	0.011523353641007102
RCR41620	0.011523353641007102
RCR40973	0.0019802094063919753
RCR41023	0.0007874107244607608
RCR40976	0.0007874107244607608
RCR40977	0.0007874107244607608
RCR41033	0.003290792176040577
RCR40979	0.003290792176040577
RCR40991	0.019002216725327894
RCR41507	0.01042457200652998
RCR40992	0.019002216725327894
RCR41508	0.01042457200652998
RCR40986	0.019002216725327894
RCR40993	0.019002216725327894
RCR41506	0.004060173624753049
RCR40989	0.004060173624753049
RCR40994	0.01042457200652998
RCR41000	0.01042457200652998
RCR41510	0.01042457200652998
RCR41526	0.0014870838334347263
RCR41005	0.00033740534241356494
RCR41616	0.0020995911537557725
RCR41607	0.0020995911537557725
RCR41608	0.0020995911537557725
RCR41617	0.0020824197712208973
RCR41609	0.0020995911537557725
RCR41610	0.0020995911537557725
RCR41038	0.0020995911537557725
RCR41611	0.0020995911537557725
RCR41612	0.0020995911537557725
RCR41613	0.0020995911537557725
RCR41614	0.0020995911537557725
RCR41615	0.0020995911537557725
RCR41024	1.407755806171647e-05
RCR41025	0.0025118767838069136
RCR41592	0.0025118767838069136
RCR41582	1.0
RCR41631	0.0020995911537557725
RCR41450	0.0006479643279967624
RCR41575	0.004726503427571518
RCR41633	0.3550493965550966
RCR41640	7.654730420760673e-05
RCR90016	0.06696692002390632
RCR90129	1.0
RCR90127	1.0
RCR90128	1.0
RCR90148	0.00035214466470065724
RCR90145	0.00035214466470065724
RCR90135	0.00035214466470065724
RCR90160	0.05507523366231005
RCR10092	0.0011155056076536292
RCR10143	0.0011155056076536292
RCR10157	0.0011155056076536292
RCR10252	0.0011155056076536292
RCR10306	0.0011155056076536292
RCR10315	0.0011155056076536292
RCR10339	0.0011155056076536292
RCR10347	0.0011155056076536292
RCR10363	0.0011155056076536292
RCR10371	0.0011155056076536292
RCR10373	0.0011155056076536292
RCR10397	0.0011155056076536292
RCR10426	0.0011155056076536292
RCR10439	0.0011155056076536292
RCR10459	0.0011155056076536292
RCR10461	0.0011155056076536292
RCR10549	0.0011155056076536292
RCR10569	0.0011155056076536292
RCR10571	0.0011155056076536292
RCR10590	0.0011155056076536292
RCR10592	0.0011155056076536292
RCR10593	0.0011155056076536292
RCR10595	0.0011155056076536292
RCR10630	0.0011155056076536292
RCR10716	0.0011155056076536292
RCR10888	0.0011155056076536292
RCR10904	0.0011155056076536292
RCR10934	0.0011155056076536292
RCR10940	0.0011155056076536292
RCR11011	0.0011155056076536292
RCR11012	0.0011155056076536292
RCR11013	0.0011155056076536292
RCR11014	0.0011155056076536292
RCR11017	0.0011155056076536292
RCR11032	0.0011155056076536292
RCR11060	0.0011155056076536292
RCR11063	0.0011155056076536292
RCR11094	0.0011155056076536292
RCR11095	0.0011155056076536292
RCR11106	0.0011155056076536292
RCR11107	0.0011155056076536292
RCR11137	0.0011155056076536292
RCR11138	0.0011155056076536292
RCR11243	0.0011155056076536292
RCR11286	0.0011155056076536292
RCR11288	0.0011155056076536292
RCR11353	0.0011155056076536292
RCR11396	0.0011155056076536292
RCR11397	0.0011155056076536292
RCR11432	0.0011155056076536292
RCR11433	0.0011155056076536292
RCR11434	0.0011155056076536292
RCR11435	0.0011155056076536292
RCR11436	0.0011155056076536292
RCR11483	0.0011155056076536292
RCR11484	0.0011155056076536292
RCR11503	0.0011155056076536292
RCR11536	0.0011155056076536292
RCR11537	0.0011155056076536292
RCR11555	0.0011155056076536292
RCR11560	0.0011155056076536292
RCR11562	0.0011155056076536292
RCR11563	0.0011155056076536292
RCR11587	0.0011155056076536292
RCR11616	0.0011155056076536292
RCR11617	0.0011155056076536292
RCR11645	0.0011155056076536292
RCR11647	0.0011155056076536292
RCR11678	0.0011155056076536292
RCR11681	0.0011155056076536292
RCR11893	0.0011155056076536292
RCR11958	0.0011155056076536292
RCR12023	0.0011155056076536292
RCR12024	0.0011155056076536292
RCR12030	0.0011155056076536292
RCR12031	0.0011155056076536292
RCR12036	0.0011155056076536292
RCR12210	0.0011155056076536292
RCR12325	0.0011155056076536292
RCR12501	0.0011155056076536292
RCR12502	0.0011155056076536292
RCR12546	0.0011155056076536292
RCR12714	0.0011155056076536292
RCR12715	0.0011155056076536292
RCR12819	0.0011155056076536292
RCR12833	0.0011155056076536292
RCR13086	0.0011155056076536292
RCR13158	0.0011155056076536292
RCR13179	0.0011155056076536292
RCR13189	0.0011155056076536292
RCR13244	0.0011155056076536292
RCR13264	0.0011155056076536292
RCR13387	0.0011155056076536292
RCR13394	0.0011155056076536292
RCR13410	0.0011155056076536292
RCR13411	0.0011155056076536292
RCR13416	0.0011155056076536292
RCR13417	0.0011155056076536292
RCR13420	0.0011155056076536292
RCR13422	0.0011155056076536292
RCR13427	0.0011155056076536292
RCR13428	0.0011155056076536292
RCR13431	0.0011155056076536292
RCR13435	0.0011155056076536292
RCR13442	0.0011155056076536292
RCR13445	0.0011155056076536292
RCR13449	0.0011155056076536292
RCR13452	0.0011155056076536292
RCR13454	0.0011155056076536292
RCR13456	0.0011155056076536292
RCR13458	0.0011155056076536292
RCR13459	0.0011155056076536292
RCR13461	0.0011155056076536292
RCR13463	0.0011155056076536292
RCR13465	0.0011155056076536292
RCR13592	0.0011155056076536292
RCR13688	0.0011155056076536292
RCR13797	0.0011155056076536292
RCR13804	0.0011155056076536292
RCR13841	0.0011155056076536292
RCR13843	0.0011155056076536292
RCR13862	0.0011155056076536292
RCR13863	0.0011155056076536292
RCR13927	0.0011155056076536292
RCR13947	0.0011155056076536292
RCR14138	0.0011155056076536292
RCR14157	0.0011155056076536292
RCR14158	0.0011155056076536292
RCR14159	0.0011155056076536292
RCR14160	0.0011155056076536292
RCR14161	0.0011155056076536292
RCR14162	0.0011155056076536292
RCR14163	0.0011155056076536292
RCR14164	0.0011155056076536292
RCR14165	0.0011155056076536292
RCR14166	0.0011155056076536292
RCR14173	0.0011155056076536292
RCR14174	0.0011155056076536292
RCR14175	0.0011155056076536292
RCR14283	0.0011155056076536292
RCR14285	0.0011155056076536292
RCR14289	0.0011155056076536292
RCR14290	0.0011155056076536292
RCR14305	0.0011155056076536292
RCR14461	0.0011155056076536292
RCR14467	0.0011155056076536292
RCR14469	0.0011155056076536292
RCR14566	0.0011155056076536292
RCR14629	0.0011155056076536292
RCR14642	0.0011155056076536292
RCR14673	0.0011155056076536292
RCR14725	0.0011155056076536292
RCR14839	0.0011155056076536292
RCR20004	0.0011155056076536292
RCR20007	0.0011155056076536292
RCR20009	0.0011155056076536292
RCR20010	0.0011155056076536292
RCR20011	0.0011155056076536292
RCR20013	0.0011155056076536292
RCR20014	0.0011155056076536292
RCR20016	0.0011155056076536292
RCR20017	0.0011155056076536292
RCR20018	0.0011155056076536292
RCR20019	0.0011155056076536292
RCR20020	0.0011155056076536292
RCR20023	0.0011155056076536292
RCR20024	0.0011155056076536292
RCR20025	0.0011155056076536292
RCR20028	0.0011155056076536292
RCR20031	0.0011155056076536292
RCR20032	0.0011155056076536292
RCR20040	0.0011155056076536292
RCR20044	0.0011155056076536292
RCR20047	0.0011155056076536292
RCR20048	0.0011155056076536292
RCR20049	0.0011155056076536292
RCR20059	0.0011155056076536292
RCR20062	0.0011155056076536292
RCR20064	0.0011155056076536292
RCR20069	0.0011155056076536292
RCR20073	0.0011155056076536292
RCR20075	0.0011155056076536292
RCR20080	0.0011155056076536292
RCR20088	0.0011155056076536292
RCR20091	0.0011155056076536292
RCR20092	0.0011155056076536292
RCR20095	0.0011155056076536292
RCR20097	0.0011155056076536292
RCR20124	0.0011155056076536292
RCR20128	0.0011155056076536292
RCR20129	0.0011155056076536292
RCR20132	0.0011155056076536292
RCR20134	0.0011155056076536292
RCR20137	0.0011155056076536292
RCR20149	0.0011155056076536292
RCR20150	0.0011155056076536292
RCR20151	0.0011155056076536292
RCR20152	0.0011155056076536292
RCR20154	0.0011155056076536292
RCR20156	0.0011155056076536292
RCR20157	0.0011155056076536292
RCR20161	0.0011155056076536292
RCR20162	0.0011155056076536292
RCR20164	0.0011155056076536292
RCR20171	0.0011155056076536292
RCR20174	0.0011155056076536292
RCR20181	0.0011155056076536292
RCR20200	0.0011155056076536292
RCR20201	0.0011155056076536292
RCR20205	0.0011155056076536292
RCR20207	0.0011155056076536292
RCR20208	0.0011155056076536292
RCR20209	0.0011155056076536292
RCR20210	0.0011155056076536292
RCR20211	0.0011155056076536292
RCR20216	0.0011155056076536292
RCR20222	0.0011155056076536292
RCR20228	0.0011155056076536292
RCR20229	0.0011155056076536292
RCR20232	0.0011155056076536292
RCR20235	0.0011155056076536292
RCR20237	0.0011155056076536292
RCR20243	0.0011155056076536292
RCR20244	0.0011155056076536292
RCR20245	0.0011155056076536292
RCR20246	0.0011155056076536292
RCR20247	0.0011155056076536292
RCR20250	0.0011155056076536292
RCR20255	0.0011155056076536292
RCR20256	0.0011155056076536292
RCR20257	0.0011155056076536292
RCR20294	0.0011155056076536292
RCR20295	0.0011155056076536292
RCR20304	0.0011155056076536292
RCR20305	0.0011155056076536292
RCR20311	0.0011155056076536292
RCR20318	0.0011155056076536292
RCR20319	0.0011155056076536292
RCR20335	0.0011155056076536292
RCR20341	0.0011155056076536292
RCR20347	0.0011155056076536292
RCR20350	0.0011155056076536292
RCR20351	0.0011155056076536292
RCR20353	0.0011155056076536292
RCR20354	0.0011155056076536292
RCR20355	0.0011155056076536292
RCR20359	0.0011155056076536292
RCR20362	0.0011155056076536292
RCR20363	0.0011155056076536292
RCR20364	0.0011155056076536292
RCR20367	0.0011155056076536292
RCR20368	0.0011155056076536292
RCR20371	0.0011155056076536292
RCR20373	0.0011155056076536292
RCR20375	0.0011155056076536292
RCR20378	0.0011155056076536292
RCR20379	0.0011155056076536292
RCR20380	0.0011155056076536292
RCR20381	0.0011155056076536292
RCR20438	0.0011155056076536292
RCR20439	0.0011155056076536292
RCR20444	0.0011155056076536292
RCR20445	0.0011155056076536292
RCR20446	0.0011155056076536292
RCR20447	0.0011155056076536292
RCR20448	0.0011155056076536292
RCR20449	0.0011155056076536292
RCR20450	0.0011155056076536292
RCR20451	0.0011155056076536292
RCR20452	0.0011155056076536292
RCR20453	0.0011155056076536292
RCR20454	0.0011155056076536292
RCR20455	0.0011155056076536292
RCR20456	0.0011155056076536292
RCR20457	0.0011155056076536292
RCR20458	0.0011155056076536292
RCR20459	0.0011155056076536292
RCR20460	0.0011155056076536292
RCR20461	0.0011155056076536292
RCR20462	0.0011155056076536292
RCR20463	0.0011155056076536292
RCR20464	0.0011155056076536292
RCR20465	0.0011155056076536292
RCR20466	0.0011155056076536292
RCR20467	0.0011155056076536292
RCR20468	0.0011155056076536292
RCR20469	0.0011155056076536292
RCR20470	0.0011155056076536292
RCR20471	0.0011155056076536292
RCR20472	0.0011155056076536292
RCR20473	0.0011155056076536292
RCR20474	0.0011155056076536292
RCR20475	0.0011155056076536292
RCR20476	0.0011155056076536292
RCR20477	0.0011155056076536292
RCR20478	0.0011155056076536292
RCR20479	0.0011155056076536292
RCR20480	0.0011155056076536292
RCR20481	0.0011155056076536292
RCR20482	0.0011155056076536292
RCR20483	0.0011155056076536292
RCR20484	0.0011155056076536292
RCR20485	0.0011155056076536292
RCR20486	0.0011155056076536292
RCR20487	0.0011155056076536292
RCR20488	0.0011155056076536292
RCR20489	0.0011155056076536292
RCR20490	0.0011155056076536292
RCR20491	0.0011155056076536292
RCR20492	0.0011155056076536292
RCR20493	0.0011155056076536292
RCR20494	0.0011155056076536292
RCR20495	0.0011155056076536292
RCR20496	0.0011155056076536292
RCR20497	0.0011155056076536292
RCR20498	0.0011155056076536292
RCR20499	0.0011155056076536292
RCR20500	0.0011155056076536292
RCR20501	0.0011155056076536292
RCR20506	0.0011155056076536292
RCR20507	0.0011155056076536292
RCR20508	0.0011155056076536292
RCR20509	0.0011155056076536292
RCR20517	0.0011155056076536292
RCR20520	0.0011155056076536292
RCR20521	0.0011155056076536292
RCR20522	0.0011155056076536292
RCR20523	0.0011155056076536292
RCR20524	0.0011155056076536292
RCR20525	0.0011155056076536292
RCR20526	0.0011155056076536292
RCR20534	0.0011155056076536292
RCR20535	0.0011155056076536292
RCR20536	0.0011155056076536292
RCR20538	0.0011155056076536292
RCR20539	0.0011155056076536292
RCR20540	0.0011155056076536292
RCR20541	0.0011155056076536292
RCR20542	0.0011155056076536292
RCR20543	0.0011155056076536292
RCR20545	0.0011155056076536292
RCR20546	0.0011155056076536292
RCR20549	0.0011155056076536292
RCR20550	0.0011155056076536292
RCR20551	0.0011155056076536292
RCR20557	0.0011155056076536292
RCR20561	0.0011155056076536292
RCR20562	0.0011155056076536292
RCR20566	0.0011155056076536292
RCR20567	0.0011155056076536292
RCR20569	0.0011155056076536292
RCR20584	0.0011155056076536292
RCR20585	0.0011155056076536292
RCR20588	0.0011155056076536292
RCR20589	0.0011155056076536292
RCR20596	0.0011155056076536292
RCR20623	0.0011155056076536292
RCR20630	0.0011155056076536292
RCR20631	0.0011155056076536292
RCR20650	0.0011155056076536292
RCR20651	0.0011155056076536292
RCR20654	0.0011155056076536292
RCR20658	0.0011155056076536292
RCR20666	0.0011155056076536292
RCR20671	0.0011155056076536292
RCR20679	0.0011155056076536292
RCR20681	0.0011155056076536292
RCR20683	0.0011155056076536292
RCR20684	0.0011155056076536292
RCR20688	0.0011155056076536292
RCR20704	0.0011155056076536292
RCR20705	0.0011155056076536292
RCR20706	0.0011155056076536292
RCR20708	0.0011155056076536292
RCR20709	0.0011155056076536292
RCR20710	0.0011155056076536292
RCR20713	0.0011155056076536292
RCR20721	0.0011155056076536292
RCR20727	0.0011155056076536292
RCR20728	0.0011155056076536292
RCR20731	0.0011155056076536292
RCR20732	0.0011155056076536292
RCR20740	0.0011155056076536292
RCR20743	0.0011155056076536292
RCR20751	0.0011155056076536292
RCR20762	0.0011155056076536292
RCR20763	0.0011155056076536292
RCR20764	0.0011155056076536292
RCR20766	0.0011155056076536292
RCR20773	0.0011155056076536292
RCR20774	0.0011155056076536292
RCR20775	0.0011155056076536292
RCR20777	0.0011155056076536292
RCR20779	0.0011155056076536292
RCR20781	0.0011155056076536292
RCR20783	0.0011155056076536292
RCR20788	0.0011155056076536292
RCR20796	0.0011155056076536292
RCR20801	0.0011155056076536292
RCR20808	0.0011155056076536292
RCR20816	0.0011155056076536292
RCR20817	0.0011155056076536292
RCR20882	0.0011155056076536292
RCR20883	0.0011155056076536292
RCR20890	0.0011155056076536292
RCR20895	0.0011155056076536292
RCR20900	0.0011155056076536292
RCR20901	0.0011155056076536292
RCR20903	0.0011155056076536292
RCR20909	0.0011155056076536292
RCR20927	0.0011155056076536292
RCR20933	0.0011155056076536292
RCR20937	0.0011155056076536292
RCR20939	0.0011155056076536292
RCR20940	0.0011155056076536292
RCR20941	0.0011155056076536292
RCR20942	0.0011155056076536292
RCR20948	0.0011155056076536292
RCR20949	0.0011155056076536292
RCR20957	0.0011155056076536292
RCR20958	0.0011155056076536292
RCR20964	0.0011155056076536292
RCR20968	0.0011155056076536292
RCR20970	0.0011155056076536292
RCR20973	0.0011155056076536292
RCR20975	0.0011155056076536292
RCR20976	0.0011155056076536292
RCR20978	0.0011155056076536292
RCR20988	0.0011155056076536292
RCR20999	0.0011155056076536292
RCR21000	0.0011155056076536292
RCR21004	0.0011155056076536292
RCR21015	0.0011155056076536292
RCR21019	0.0011155056076536292
RCR21023	0.0011155056076536292
RCR21029	0.0011155056076536292
RCR21037	0.0011155056076536292
RCR21049	0.0011155056076536292
RCR21057	0.0011155056076536292
RCR21059	0.0011155056076536292
RCR21064	0.0011155056076536292
RCR21077	0.0011155056076536292
RCR21078	0.0011155056076536292
RCR21083	0.0011155056076536292
RCR21088	0.0011155056076536292
RCR21092	0.0011155056076536292
RCR21098	0.0011155056076536292
RCR21108	0.0011155056076536292
RCR21117	0.0011155056076536292
RCR21118	0.0011155056076536292
RCR21120	0.0011155056076536292
RCR21126	0.0011155056076536292
RCR30005	0.0011155056076536292
RCR30008	0.0011155056076536292
RCR30010	0.0011155056076536292
RCR30011	0.0011155056076536292
RCR30012	0.0011155056076536292
RCR30013	0.0011155056076536292
RCR30014	0.0011155056076536292
RCR30015	0.0011155056076536292
RCR30016	0.0011155056076536292
RCR30019	0.0011155056076536292
RCR30024	0.0011155056076536292
RCR30030	0.0011155056076536292
RCR30031	0.0011155056076536292
RCR30032	0.0011155056076536292
RCR30033	0.0011155056076536292
RCR30035	0.0011155056076536292
RCR30036	0.0011155056076536292
RCR30037	0.0011155056076536292
RCR30039	0.0011155056076536292
RCR30042	0.0011155056076536292
RCR30045	0.0011155056076536292
RCR30046	0.0011155056076536292
RCR30047	0.0011155056076536292
RCR30048	0.0011155056076536292
RCR30051	0.0011155056076536292
RCR30067	0.0011155056076536292
RCR30070	0.0011155056076536292
RCR30072	0.0011155056076536292
RCR30073	0.0011155056076536292
RCR30076	0.0011155056076536292
RCR30077	0.0011155056076536292
RCR30081	0.0011155056076536292
RCR30089	0.0011155056076536292
RCR30095	0.0011155056076536292
RCR30096	0.0011155056076536292
RCR30099	0.0011155056076536292
RCR30100	0.0011155056076536292
RCR30101	0.0011155056076536292
RCR30105	0.0011155056076536292
RCR30106	0.0011155056076536292
RCR30109	0.0011155056076536292
RCR30110	0.0011155056076536292
RCR30115	0.0011155056076536292
RCR30116	0.0011155056076536292
RCR30117	0.0011155056076536292
RCR30122	0.0011155056076536292
RCR30124	0.0011155056076536292
RCR30130	0.0011155056076536292
RCR30132	0.0011155056076536292
RCR30142	0.0011155056076536292
RCR30145	0.0011155056076536292
RCR30182	0.0011155056076536292
RCR30183	0.0011155056076536292
RCR30184	0.0011155056076536292
RCR30185	0.0011155056076536292
RCR30188	0.0011155056076536292
RCR30189	0.0011155056076536292
RCR30192	0.0011155056076536292
RCR30193	0.0011155056076536292
RCR30195	0.0011155056076536292
RCR30196	0.0011155056076536292
RCR30197	0.0011155056076536292
RCR30204	0.0011155056076536292
RCR30205	0.0011155056076536292
RCR30208	0.0011155056076536292
RCR30211	0.0011155056076536292
RCR30223	0.0011155056076536292
RCR30232	0.0011155056076536292
RCR30237	0.0011155056076536292
RCR30243	0.0011155056076536292
RCR30285	0.0011155056076536292
RCR30291	0.0011155056076536292
RCR30309	0.0011155056076536292
RCR30310	0.0011155056076536292
RCR30311	0.0011155056076536292
RCR30312	0.0011155056076536292
RCR30313	0.0011155056076536292
RCR30315	0.0011155056076536292
RCR30317	0.0011155056076536292
RCR30318	0.0011155056076536292
RCR30321	0.0011155056076536292
RCR30322	0.0011155056076536292
RCR30323	0.0011155056076536292
RCR30325	0.0011155056076536292
RCR30327	0.0011155056076536292
RCR30328	0.0011155056076536292
RCR30336	0.0011155056076536292
RCR30338	0.0011155056076536292
RCR30339	0.0011155056076536292
RCR30346	0.0011155056076536292
RCR30347	0.0011155056076536292
RCR30348	0.0011155056076536292
RCR30353	0.0011155056076536292
RCR30364	0.0011155056076536292
RCR30366	0.0011155056076536292
RCR30368	0.0011155056076536292
RCR30371	0.0011155056076536292
RCR30375	0.0011155056076536292
RCR30385	0.0011155056076536292
RCR30388	0.0011155056076536292
RCR30389	0.0011155056076536292
RCR30393	0.0011155056076536292
RCR30413	0.0011155056076536292
RCR30418	0.0011155056076536292
RCR30432	0.0011155056076536292
RCR30439	0.0011155056076536292
RCR30442	0.0011155056076536292
RCR30443	0.0011155056076536292
RCR30446	0.0011155056076536292
RCR30449	0.0011155056076536292
RCR30452	0.0011155056076536292
RCR30455	0.0011155056076536292
RCR30458	0.0011155056076536292
RCR30462	0.0011155056076536292
RCR30463	0.0011155056076536292
RCR30464	0.0011155056076536292
RCR30465	0.0011155056076536292
RCR30478	0.0011155056076536292
RCR30479	0.0011155056076536292
RCR30482	0.0011155056076536292
RCR30483	0.0011155056076536292
RCR30484	0.0011155056076536292
RCR30489	0.0011155056076536292
RCR30492	0.0011155056076536292
RCR30493	0.0011155056076536292
RCR30495	0.0011155056076536292
RCR30526	0.0011155056076536292
RCR30527	0.0011155056076536292
RCR30528	0.0011155056076536292
RCR30529	0.0011155056076536292
RCR30530	0.0011155056076536292
RCR30531	0.0011155056076536292
RCR30532	0.0011155056076536292
RCR30533	0.0011155056076536292
RCR30536	0.0011155056076536292
RCR30539	0.0011155056076536292
RCR30542	0.0011155056076536292
RCR30546	0.0011155056076536292
RCR30554	0.0011155056076536292
RCR30560	0.0011155056076536292
RCR30561	0.0011155056076536292
RCR40014	0.0011155056076536292
RCR40053	0.0011155056076536292
RCR40107	0.0011155056076536292
RCR40108	0.0011155056076536292
RCR40143	0.0011155056076536292
RCR40145	0.0011155056076536292
RCR40163	0.0011155056076536292
RCR40164	0.0011155056076536292
RCR40167	0.0011155056076536292
RCR40217	0.0011155056076536292
RCR40225	0.0011155056076536292
RCR40226	0.0011155056076536292
RCR40274	0.0011155056076536292
RCR40280	0.0011155056076536292
RCR40281	0.0011155056076536292
RCR40293	0.0011155056076536292
RCR40298	0.0011155056076536292
RCR40301	0.0011155056076536292
RCR40302	0.0011155056076536292
RCR40355	0.0011155056076536292
RCR40412	0.0011155056076536292
RCR40429	0.0011155056076536292
RCR40430	0.0011155056076536292
RCR40432	0.0011155056076536292
RCR40444	0.0011155056076536292
RCR40449	0.0011155056076536292
RCR40451	0.0011155056076536292
RCR40458	0.0011155056076536292
RCR40460	0.0011155056076536292
RCR40727	0.0011155056076536292
RCR40728	0.0011155056076536292
RCR40729	0.0011155056076536292
RCR40730	0.0011155056076536292
RCR40732	0.0011155056076536292
RCR40733	0.0011155056076536292
RCR40734	0.0011155056076536292
RCR40737	0.0011155056076536292
RCR40738	0.0011155056076536292
RCR40773	0.0011155056076536292
RCR40792	0.0011155056076536292
RCR40794	0.0011155056076536292
RCR40797	0.0011155056076536292
RCR40801	0.0011155056076536292
RCR40802	0.0011155056076536292
RCR40804	0.0011155056076536292
RCR40805	0.0011155056076536292
RCR40810	0.0011155056076536292
RCR40819	0.0011155056076536292
RCR40830	0.0011155056076536292
RCR40842	0.0011155056076536292
RCR40851	0.0011155056076536292
RCR40852	0.0011155056076536292
RCR40857	0.0011155056076536292
RCR40859	0.0011155056076536292
RCR40860	0.0011155056076536292
RCR40861	0.0011155056076536292
RCR40862	0.0011155056076536292
RCR40864	0.0011155056076536292
RCR40872	0.0011155056076536292
RCR40875	0.0011155056076536292
RCR40907	0.0011155056076536292
RCR40908	0.0011155056076536292
RCR40911	0.0011155056076536292
RCR40915	0.0011155056076536292
RCR40918	0.0011155056076536292
RCR40922	0.0011155056076536292
RCR40923	0.0011155056076536292
RCR40927	0.0011155056076536292
RCR40937	0.0011155056076536292
RCR40938	0.0011155056076536292
RCR40939	0.0011155056076536292
RCR40940	0.0011155056076536292
RCR40941	0.0011155056076536292
RCR40942	0.0011155056076536292
RCR40943	0.0011155056076536292
RCR40944	0.0011155056076536292
RCR40945	0.0011155056076536292
RCR40947	0.0011155056076536292
RCR40948	0.0011155056076536292
RCR40949	0.0011155056076536292
RCR40950	0.0011155056076536292
RCR40951	0.0011155056076536292
RCR40952	0.0011155056076536292
RCR40966	0.0011155056076536292
RCR40988	0.0011155056076536292
RCR41027	0.0011155056076536292
RCR41476	0.0011155056076536292
RCR41540	0.0011155056076536292
RCR41557	0.0011155056076536292
RCR41568	0.0011155056076536292
RCR41577	0.0011155056076536292
RCR41636	0.0011155056076536292
RCR41638	0.0011155056076536292
RCR90029	0.0011155056076536292
RCR90030	0.0011155056076536292
RCR90070	0.0011155056076536292
RCR90084	0.0011155056076536292
RCR90085	0.0011155056076536292
RCR90108	0.0011155056076536292
RCR90110	0.0011155056076536292
RCR90123	0.0011155056076536292
RCR90143	0.0011155056076536292
RCR90154	0.0011155056076536292
RCR90156	0.0011155056076536292
RCR90157	0.0011155056076536292
RCR90159	0.0011155056076536292
RCR90184	0.0011155056076536292
RCR90185	0.0011155056076536292
RCR90186	0.0011155056076536292
RCR90190	0.0011155056076536292
RCR90191	0.0011155056076536292
RCR90202	0.0011155056076536292
RCR90203	0.0011155056076536292
RCR90204	0.0011155056076536292
RCR90205	0.0011155056076536292
RCR90206	0.0011155056076536292
RCR90207	0.0011155056076536292
RCR90208	0.0011155056076536292
RCR90209	0.0011155056076536292
RCR90210	0.0011155056076536292
RCR90211	0.0011155056076536292
RCR30349	0.0011155056076536292
RCR30125	0.0011155056076536292
RCR30118	0.0011155056076536292
RCR30055	0.0011155056076536292
RCR30068	0.0011155056076536292
RCR30053	0.0011155056076536292
RCR30436	0.0011155056076536292
RCR30233	0.0011155056076536292
RCR30149	0.0011155056076536292
RCR30199	0.0011155056076536292
RCR30078	0.0011155056076536292
RCR30460	0.0011155056076536292
RCR30002	0.0011155056076536292
RCR30027	0.0011155056076536292
RCR30041	0.0011155056076536292
RCR30054	0.0011155056076536292
RCR30071	0.0011155056076536292
RCR30080	0.0011155056076536292
RCR30086	0.0011155056076536292
RCR30107	0.0011155056076536292
RCR30120	0.0011155056076536292
RCR30131	0.0011155056076536292
RCR30148	0.0011155056076536292
RCR30150	0.0011155056076536292
RCR30160	0.0011155056076536292
RCR30191	0.0011155056076536292
RCR30216	0.0011155056076536292
RCR30218	0.0011155056076536292
RCR30228	0.0011155056076536292
RCR30234	0.0011155056076536292
RCR30238	0.0011155056076536292
RCR30374	0.0011155056076536292
RCR30410	0.0011155056076536292
RCR30438	0.0011155056076536292
RCR30481	0.0011155056076536292
RCR30555	0.0011155056076536292
RCR30239	0.0011155056076536292
RCR90192	0.0011155056076536292
RCR90193	0.0011155056076536292
